	Control_1a	Control_1b	Control_2a	Control_2b	Control_3a	Control_3b	PB_1a	PB_1b	PB_2a	PB_2b	PB_3a	PB_3b	Standard_1a	Standard_2a	Standard_2b	Standard_3a	Styrofoam_1a	Styrofoam_1b	Styrofoam_2a	Styrofoam_2b	Styrofoam_3a	Styrofoam_3b	SControl_1a	SControl_1b	SControl_2a	SControl_2b	SControl_3a	SControl_3b	SPB_1a	SPB_1b	SPB_2a	SPB_2b	SPB_3a	SPB_3b	SStandard_1a	SStandard_1b	SStandard_2a	SStandard_2b	SStandard_3a	SStandard_3b	SStyrofoam_1a	SStyrofoam_1b	SStyrofoam_2a	SStyrofoam_2b	SStyrofoam_3a	SStyrofoam_3b
Mealworm_MAG_0001	1.23E-03	3.25E-04	8.498414818	1.07692536	3.047491451	0.389926856	4.80E-03	0.010353368	0.406607283	1.104334277	0.067471951	3.10E-03	0	17.26579214	0.072648635	7.50E-05	0.10155804	2.13E-03	3.190462964	1.331383143	3.35E-03	7.25E-04	0	0	0	0	0	0	0	0	0	0	0	0	0	0	0	0	0	0	0	0	0	0	0	0
Mealworm_MAG_0002	6.735652919	12.63747056	0.014095594	12.46354787	44.15949435	18.14495817	19.52563318	43.18204576	9.400143883	21.02084453	20.31205951	4.742936413	1.364884871	2.70E-04	0.024648034	2.16E-03	1.798151089	1.537883258	9.009549573	5.876206791	4.643111876	1.619029206	0	0	0	0	0	0	0	0	0	0	0	0	0	0	0	0	0	0	0	0	0	0	0	0
Mealworm_MAG_0003	7.53E-04	1.51E-03	0.025162021	4.601460703	3.49E-03	0.006353285	1.28E-03	2.03E-03	0.145447532	0.530059826	0.015770209	1.41E-03	0	1.274750188	0.09582662	4.27E-04	4.52E-04	1.36E-03	0.321782576	0.761490154	7.03E-04	6.28E-04	0	0	0	0	0	0	0	0	0	0	0	0	0	0	0	0	0	0	0	0	0	0	0	0
Mealworm_MAG_0004	73.07896718	153.1788691	228.2446503	367.7617006	146.5299766	356.3078524	137.1209124	17.65763678	213.1202196	61.36053807	3.75683976	24.17432977	31.84769215	333.8663578	23.08426062	32.68426778	2.414141641	2.916396433	354.6553744	41.22661862	74.39254381	8.531900475	0	0	0	0	0	0	0	0	0	0	0	0	0	0	0	0	0	0	0	0	0	0	0	0
Mealworm_MAG_0005	32.2087712	22.20364401	11.59162701	4.492324265	1.261395009	7.560337084	7.193829707	6.714229734	0.862100487	3.719532952	0.470960281	0.920661095	0.014464203	0.018638436	1.12E-03	0.031816393	2.462312176	1.923836101	1.507917452	1.193005538	0.556410716	1.007834615	0	0	0	0	0	0	0	0	0	0	0	0	0	0	0	0	0	0	0	0	0	0	0	0
Mealworm_MAG_0006	0.324275466	0.133327318	0.017650337	3.221898765	2.93E-03	0.046025429	0.101034326	0.292576094	1.79143001	0.948606652	0.070917944	0.018639705	2.702044906	7.283098734	9.049557079	1.39E-03	0.015909048	0.069176655	0.067593666	0.440071171	0.038268779	0.012545194	0	0	0	0	0	0	0	0	0	0	0	0	0	0	0	0	0	0	0	0	0	0	0	0
Mealworm_MAG_0007	445.5966807	191.3761067	42.4547319	120.0021837	186.0016257	151.8794609	114.0967707	397.0920699	66.38220462	218.9040198	132.4260558	72.01557486	18.16639785	21.45335525	0.018453318	0.823375565	45.11319099	62.12414933	88.1181702	125.8368484	8.279729317	99.06076441	0	0	0	0	0	0	0	0	0	0	0	0	0	0	0	0	0	0	0	0	0	0	0	0
Mealworm_MAG_0008	7.836492262	34.96640894	0.715916927	17.74155421	22.26787339	8.257831737	30.63089137	20.77973971	53.07837635	27.06353417	2.184071743	13.76839535	2.612556515	0.55375479	0.187444604	1.129982884	1.980016944	9.582870773	6.795819779	41.93790048	2.294235225	0.933516321	0	0	0	0	0	0	0	0	0	0	0	0	0	0	0	0	0	0	0	0	0	0	0	0
Mealworm_MAG_0009	153.6453085	171.4226801	71.69026577	252.6481808	25.07656577	139.7054088	85.41693637	199.7869196	40.95285332	401.1547537	854.9081348	207.149036	3.573671712	0.604863888	0.5412554	103.6368914	350.7248531	472.0595541	411.998011	586.3702517	145.558762	96.52080325	0	0	0	0	0	0	0	0	0	0	0	0	0	0	0	0	0	0	0	0	0	0	0	0
Mealworm_MAG_0010	0.697358655	11.27824824	0.241761303	2.350249344	1.47187879	0.386796449	110.9135303	1.702775979	0.532310668	0.155219287	0.449292148	49.46542276	0.574345361	0.484743467	0.004018022	1.088791284	0.734262643	0.797175598	0.148697728	0.497709315	0.380182167	0.403131255	0	0	0	0	0	0	0	0	0	0	0	0	0	0	0	0	0	0	0	0	0	0	0	0
Mealworm_MAG_0011	0.07038001	6.6839144	2.46E-04	3.01E-04	7.65E-04	0.035231003	0.106540303	1.75E-03	5.47E-05	2.19E-04	2.19E-04	2.73E-04	1.09E-04	0	8.20E-04	0	4.92E-04	0.00614971	2.73E-05	0.005165756	4.92E-04	0.005575737	0	0	0	0	0	0	0	0	0	0	0	0	0	0	0	0	0	0	0	0	0	0	0	0
Mealworm_MAG_0012	1.992549783	19.86430558	0.047442204	0.478633555	0.135542649	0.181391304	1.168047995	1.384838832	0.153686332	0.179797756	0.127324493	0.177134254	0.213899685	0.088783394	0.008855574	0.201948075	0.083274271	0.939260017	0.116169657	0.184168631	0.090559062	0.194139689	0	0	0	0	0	0	0	0	0	0	0	0	0	0	0	0	0	0	0	0	0	0	0	0
Mealworm_MAG_0013	166.9683174	70.2946883	179.3644243	110.5377681	233.6629971	82.50675916	198.6550464	222.0451815	166.7877567	5.676089861	36.45563651	5.759174754	114.822343	0.329323594	0.005986032	252.9727102	758.7947051	82.13294604	58.30560095	27.50677958	287.7528856	28.96299275	0	0	0	0	0	0	0	0	0	0	0	0	0	0	0	0	0	0	0	0	0	0	0	0
Mealworm_MAG_0014	203.1320425	233.9873851	6.583489449	61.49842354	196.5816684	36.64992833	241.6285137	29.44562703	90.89978468	283.9238727	71.2909095	202.1564788	633.3557164	133.035495	0.011839483	327.1437848	171.0023935	419.3639682	111.3763706	93.09789122	139.9112386	112.410555	0	0	0	0	0	0	0	0	0	0	0	0	0	0	0	0	0	0	0	0	0	0	0	0
Mealworm_MAG_0015	16.67598049	27.43718069	13.61200557	10.64000763	36.69542191	3.897193913	6.355072322	4.478832731	22.04213317	19.52293678	12.42662245	4.774864436	3.908874803	0.062707935	2.010182243	14.53931319	13.51128796	8.659923054	35.05680958	15.34417194	2.117502089	0.54932258	0	0	0	0	0	0	0	0	0	0	0	0	0	0	0	0	0	0	0	0	0	0	0	0
Mealworm_MAG_0016	132.3427746	126.6509688	0.465887176	111.6118621	65.00771873	30.07649938	86.34541435	101.248802	69.55944938	267.8672518	63.93116571	21.84912564	1.576789708	140.4866881	236.3765458	30.26661101	6.484642991	118.1411035	23.44711271	86.10937511	53.93671574	3.346874147	0	0	0	0	0	0	0	0	0	0	0	0	0	0	0	0	0	0	0	0	0	0	0	0
Mealworm_MAG_0017	2.292939695	0.329947649	105.2462784	75.68026272	2.743487616	2.930863284	3.144628254	9.210773097	4.577811472	40.14738173	4.914199506	19.58727907	1.40E-04	173.9618115	0.818207859	0.020390676	185.9824524	1.420813959	44.8709505	29.54488103	4.626288736	0.101767378	0	0	0	0	0	0	0	0	0	0	0	0	0	0	0	0	0	0	0	0	0	0	0	0
Mealworm_MAG_0018	0.228202368	0.165919844	0.588129271	1.728915813	0.180789546	0.137256865	0.187823867	0.158835457	0.546524144	1.416126367	0.197862167	0.131874734	0.271885248	9.857060605	0.191428643	0.254987859	0.847798333	0.137582297	0.996770721	1.938843968	0.114526748	0.063233785	0	0	0	0	0	0	0	0	0	0	0	0	0	0	0	0	0	0	0	0	0	0	0	0
Mealworm_MAG_0019	2.982133804	148.5019369	3.161999793	111.1787519	1.239590792	0.473081178	7.626203098	3.124583074	0.369410129	0.455020763	0.214838564	1.418488966	0.849380839	1.482463189	0.007086375	0.559544801	21.29734694	0.580361029	0.391423823	28.65498953	0.275384425	0.260539124	0	0	0	0	0	0	0	0	0	0	0	0	0	0	0	0	0	0	0	0	0	0	0	0
Mealworm_MAG_0020	3.687451731	2.016183878	0.643695319	2.315251346	18.01110624	4.328956924	4.155216534	11.10062476	1.917138312	9.777212315	43.59347804	2.925172617	0.255783662	0.138957731	0.010547186	0.123223404	0.717727341	3.6672507	5.875531682	2.490115616	3.786468479	5.631159729	0	0	0	0	0	0	0	0	0	0	0	0	0	0	0	0	0	0	0	0	0	0	0	0
Mealworm_MAG_0021	16.24850092	86.34100459	1.865820469	11.21291576	15.22691691	16.52767404	28.90389855	18.0695609	3.120102536	6.164804123	15.38558568	6.076917036	3.400929716	0.825497166	0.036651558	28.59164422	21.57475694	89.34324523	1.735653985	3.130228613	22.41943717	8.231068472	0	0	0	0	0	0	0	0	0	0	0	0	0	0	0	0	0	0	0	0	0	0	0	0
Mealworm_MAG_0022	8.47800613	4.173934907	0.07039279	0.582749268	0.007573664	0.06508738	3.07598423	5.381722941	0.616888426	1.18637417	0.270383666	0.084040764	1.77E-03	0.112874512	5.625502668	0.83956185	0.042327942	0.010380149	0.215830215	0.13432682	0.1421696	0.0038445	0	0	0	0	0	0	0	0	0	0	0	0	0	0	0	0	0	0	0	0	0	0	0	0
Mealworm_MAG_0023	2.98E-03	0.007756518	0.290818846	1.587101652	0.064345377	0.02593375	0.006896556	0.011078331	0.36351091	1.201130563	0.126178316	0.027619949	0	45.51878966	0.203726636	1.69E-03	0.455897787	0.007031452	1.683181306	2.086840629	2.88E-03	3.37E-03	0	0	0	0	0	0	0	0	0	0	0	0	0	0	0	0	0	0	0	0	0	0	0	0
Mealworm_MAG_0024	3.172045716	6.580705798	2.38E-03	4.68E-03	2.36E-03	1.45E-03	6.159777412	5.645854869	6.53E-04	2.50E-03	0.005533677	0.00510801	9.65E-04	7.38E-04	8.23E-04	5.96E-04	1.28E-03	0.037288472	1.45E-03	0.007321481	9.93E-04	6.24E-04	0	0	0	0	0	0	0	0	0	0	0	0	0	0	0	0	0	0	0	0	0	0	0	0
Mealworm_MAG_0025	7.92E-05	0.00639177	0	0	7.92E-05	1.06E-04	0.067958779	0.099917629	2.64E-05	3.17E-04	0.064208236	0.028287544	5.28E-05	2.64E-05	0	0	0.008689638	5.531892115	7.92E-05	1.06E-04	0.049100416	0.007923682	0	0	0	0	0	0	0	0	0	0	0	0	0	0	0	0	0	0	0	0	0	0	0	0
Mealworm_MAG_0026	250.4706903	65.80122924	172.4801651	149.9147969	238.6221869	103.3891795	156.1482973	174.7937361	98.48178175	52.61561478	87.37218233	59.84914232	350.7624581	291.2257532	1.582849866	1169.331138	222.177899	85.97241504	52.85218964	53.97442888	154.4023214	147.3392196	0	0	0	0	0	0	0	0	0	0	0	0	0	0	0	0	0	0	0	0	0	0	0	0
Mealworm_MAG_0027	22.31004622	24.31286099	2.284890122	21.59471961	23.17246019	24.86072405	27.96514844	66.72414985	18.22005334	35.25882059	43.50641667	9.779997181	23.83918979	48.82805436	2.920772925	25.77060486	6.724003595	6.606599619	13.52731803	9.123173125	11.08889196	5.736108304	0	0	0	0	0	0	0	0	0	0	0	0	0	0	0	0	0	0	0	0	0	0	0	0
Mealworm_MAG_0028	1.456989128	7.213213266	2.339077411	8.067384188	12.99779851	6.05063943	2.547830588	2.15289736	0.259880341	1.458378244	5.361445256	0.080124948	0.142673728	0.073449477	1.39E-03	0.082498021	2.585780449	1.827477783	0.054542073	0.136673521	0.090022396	0.029055664	0	0	0	0	0	0	0	0	0	0	0	0	0	0	0	0	0	0	0	0	0	0	0	0
Mealworm_MAG_0029	0.149200942	0.141145186	0.040044146	0.760239153	0.058189149	0.041060892	6.773613272	1.390986591	0.041895145	0.069868692	0.082669262	0.115465835	0.055842813	0.038062795	0.004275547	0.034725783	0.200846419	0.204887332	0.085980204	0.056390291	0.042468694	0.012409514	0	0	0	0	0	0	0	0	0	0	0	0	0	0	0	0	0	0	0	0	0	0	0	0
Mealworm_MAG_0030	5.991302192	4.789544356	0.562931365	1.371625812	3.70E-03	1.69E-03	4.697028735	3.208823	0.148639402	0.442373546	0.185582634	1.479698552	7.88E-05	3.94E-05	5.12E-04	1.58E-04	0.090428211	4.007395473	0.085032451	1.804231851	0.119651962	0.028396664	0	0	0	0	0	0	0	0	0	0	0	0	0	0	0	0	0	0	0	0	0	0	0	0
Mealworm_MAG_0031	188.5329835	804.4397264	165.9750465	994.8081526	658.6279395	1441.099487	52.65316345	557.2995791	740.2759318	121.0620907	2241.523822	2214.689945	3.874870864	10.21670703	505.9102435	12.95631708	371.1922231	389.7729051	395.6319211	2202.29457	3180.065984	2096.368816	0	0	0	0	0	0	0	0	0	0	0	0	0	0	0	0	0	0	0	0	0	0	0	0
Mealworm_MAG_0032	17.54069393	38.48736035	0.763893782	221.7970013	42.12765636	7.224553304	100.4234579	224.9574159	355.626858	375.5768168	32.62585324	4.587758753	0.176020168	0.095514476	1.311492347	0.018516753	4.243089595	77.8960291	95.14582794	192.1804535	9.727156898	4.463558852	0	0	0	0	0	0	0	0	0	0	0	0	0	0	0	0	0	0	0	0	0	0	0	0
Mealworm_MAG_0033	32.07618384	16.10404363	11.04283023	21.78367104	16.37366764	9.365597991	25.14258816	16.76664888	3.66152895	18.09810742	13.16700202	2.959759641	69.01014819	97.04601762	0.004045677	2.907117965	53.14274073	18.48828781	21.99057509	10.29133979	22.31456437	15.94628618	0	0	0	0	0	0	0	0	0	0	0	0	0	0	0	0	0	0	0	0	0	0	0	0
Mealworm_MAG_0034	6.374710552	3.730427715	4.84755429	13.65923184	0.032716874	6.70615436	1.363068945	44.25878804	4.524736069	9.828239348	19.31711343	0.347739376	17.24108824	152.910142	2.413504399	2.51E-04	1.945057112	0.26261515	13.88208882	2.068732426	6.29E-04	6.04E-04	0	0	0	0	0	0	0	0	0	0	0	0	0	0	0	0	0	0	0	0	0	0	0	0
Mealworm_MAG_0035	0.828902322	0.910181249	1.648334455	26.36646137	6.089249258	3.35409394	0.513997946	1.065904098	10.21720862	22.82529688	4.845086006	1.289757409	0.034422079	17.98449305	29.87298418	0.161075565	1.193984975	1.242845661	11.33027152	26.0032453	1.076005633	1.433539585	0	0	0	0	0	0	0	0	0	0	0	0	0	0	0	0	0	0	0	0	0	0	0	0
Mealworm_MAG_0036	182.1338076	27.3726784	10.44688576	45.7046303	83.63887243	53.89521111	9.632372457	10.71027943	29.71745943	29.49052296	77.2532806	53.70533672	116.822598	82.25976738	0.473723686	60.6822171	189.2037831	18.23874684	41.77860745	57.7214853	57.03704668	10.06647712	0	0	0	0	0	0	0	0	0	0	0	0	0	0	0	0	0	0	0	0	0	0	0	0
Mealworm_MAG_0037	5.993729216	10.14149358	0.774181913	25.70320886	88.54665289	19.39717159	35.78910189	46.20721736	10.56457017	3.698401459	8.94529984	6.560898074	66.31385329	0.662814446	0.001746875	28.68753756	23.86740916	33.44053603	6.700698018	24.1073633	69.79532609	4.420842586	0	0	0	0	0	0	0	0	0	0	0	0	0	0	0	0	0	0	0	0	0	0	0	0
Mealworm_MAG_0038	19.14701434	20.21519682	0.057923958	0.20502729	0.205556544	0.150837516	0.965418907	1.23872002	0.089973255	0.199528924	0.286532474	0.104615961	0.144251238	0.149308558	0.049985142	0.092090273	0.354894506	0.274271413	0.11967031	0.160687529	0.110290745	0.032607954	0	0	0	0	0	0	0	0	0	0	0	0	0	0	0	0	0	0	0	0	0	0	0	0
Mealworm_MAG_0039	4.006909675	2.275721747	0.159112607	1.293053174	0.022549862	0.231622078	0.855048016	3.643649535	1.312395512	2.545639712	0.560377041	0.169318363	2.85E-03	0.233922423	22.22911006	1.715863094	0.100955993	0.02475301	0.526357852	0.304552739	0.268492399	0.004892283	0	0	0	0	0	0	0	0	0	0	0	0	0	0	0	0	0	0	0	0	0	0	0	0
Mealworm_MAG_0040	4.357756729	6.778974001	0.869663989	6.951661374	2.057372569	0.785655474	1.993313914	8.880570681	1.516785174	8.921123865	0.772432445	0.038592793	0.069094169	0.074091244	0.00319044	0.021718056	11.19471602	0.742065606	0.099960715	0.335457475	0.035767524	0.022544495	0	0	0	0	0	0	0	0	0	0	0	0	0	0	0	0	0	0	0	0	0	0	0	0
Mealworm_MAG_0041	0.05953112	0.011409022	5.124737156	6.662269285	0.072449507	0.692021528	0.085168124	0.219390601	0.912277794	2.247066727	14.32524738	0.432566172	4.44E-05	15.82717626	0.345977469	4.22E-04	1.834765997	0.014982665	2.199876883	3.061280208	0.136508721	0.016558619	0	0	0	0	0	0	0	0	0	0	0	0	0	0	0	0	0	0	0	0	0	0	0	0
Mealworm_MAG_0042	2.58604466	2.679423253	0.123611737	0.752844486	9.242346092	14.70036515	2.210068944	1.228580863	0.868505864	5.25130974	53.72462311	21.80317178	0.099346807	0.04770215	0.002374217	0.52829587	9.392880138	0.783317229	4.454727392	3.720571694	18.66090698	15.86266398	0	0	0	0	0	0	0	0	0	0	0	0	0	0	0	0	0	0	0	0	0	0	0	0
Mealworm_MAG_0043	28.06509037	12.57656993	14.59501578	14.23207756	6.858107671	11.13323491	13.03126794	16.80939215	3.784923225	12.54770107	4.224107602	3.146759565	16.26779077	12.99589684	0.002940846	6.827323215	77.8671903	6.145775326	19.47892519	14.19705721	14.14784525	5.213661931	0	0	0	0	0	0	0	0	0	0	0	0	0	0	0	0	0	0	0	0	0	0	0	0
Mealworm_MAG_0044	11.78093918	23.61178077	0.424001737	16.51791027	5.910337005	9.698963061	28.68282499	11.40993766	14.24311825	1.461876649	0.067339107	13.60418653	0.285934331	0.047801411	6.44E-04	0.14484579	0.146548054	1.453426673	1.157263422	5.85693806	1.170590155	0.43160825	0	0	0	0	0	0	0	0	0	0	0	0	0	0	0	0	0	0	0	0	0	0	0	0
Mealworm_MAG_0045	36.67638933	28.48549316	13.40298402	14.78565492	11.69438798	9.502148321	17.32775759	35.87160814	2.694293213	39.93813337	11.4091572	3.77978907	58.45056855	20.58422049	0.008538662	0.307589241	26.76137452	23.2453215	9.738763023	8.366284231	3.493645196	10.90730107	0	0	0	0	0	0	0	0	0	0	0	0	0	0	0	0	0	0	0	0	0	0	0	0
Mealworm_MAG_0046	64.67976066	0.69617702	0	1.96E-05	0	0	2.63E-03	1.18E-04	0	0	1.96E-05	0	0	0	3.93E-05	3.93E-05	1.57E-04	1.57E-04	0	1.96E-05	0	9.82E-05	0	0	0	0	0	0	0	0	0	0	0	0	0	0	0	0	0	0	0	0	0	0	0	0
Mealworm_MAG_0047	0.339484482	0.168078986	1.334600788	19.65866574	1.130007557	0.764968261	0.344796583	0.189843126	5.965824111	14.74211041	4.115665917	0.970335099	0.058072089	1.213118722	110.4638925	0.201447229	0.110264766	0.181694467	9.13823117	14.7620179	0.514783799	0.603310212	0	0	0	0	0	0	0	0	0	0	0	0	0	0	0	0	0	0	0	0	0	0	0	0
Mealworm_MAG_0048	125.233575	17.40083376	15.99106525	19.81769943	61.78974764	155.637541	30.4981218	83.75085904	24.31520649	62.1915673	62.83869184	26.57858094	219.3426285	585.5305604	1.852611901	173.3904833	4.480600743	4.894912054	23.10534705	5.160416517	5.720369178	4.727467088	0	0	0	0	0	0	0	0	0	0	0	0	0	0	0	0	0	0	0	0	0	0	0	0
Mealworm_MAG_0049	6.318026023	34.6959806	0.420455594	3.459291825	3.689105818	6.847476172	17.88236419	10.89368153	1.21382997	7.903430138	5.719149189	4.209005102	1.057753404	2.212340325	0.02349157	21.32536219	81.60107175	29.97975137	5.856539278	3.378297323	5.570131959	3.714278181	0	0	0	0	0	0	0	0	0	0	0	0	0	0	0	0	0	0	0	0	0	0	0	0
Mealworm_MAG_0050	110.5764331	204.6910732	0.069822958	43.32871192	0.060138049	0.026633499	215.7974388	522.4279041	22.79791565	46.48687564	0.106141367	0.051958228	0.845139179	1.39243469	0.275365518	0.07937699	22.31353933	286.9383953	2.682523451	85.64515454	0.056342612	0.030428937	0	0	0	0	0	0	0	0	0	0	0	0	0	0	0	0	0	0	0	0	0	0	0	0
Mealworm_MAG_0051	200.4439175	128.4428109	14.49824145	9.168319585	8.248221562	71.72298998	33.42762445	23.80950108	7.188285693	42.4570289	10.22236922	11.50133665	216.9838393	1.856550234	0.006458949	4.017880154	61.84420187	22.21627235	20.0759897	5.033589719	6.874453932	44.24986462	0	0	0	0	0	0	0	0	0	0	0	0	0	0	0	0	0	0	0	0	0	0	0	0
Mealworm_MAG_0052	0.029672764	0.042872268	1.04E-04	1.04E-03	7.31E-04	0.015532926	9.40E-04	3.03E-03	0.007000265	42.65466754	2.96E-03	4.18E-04	2.47E-03	3.48E-05	60.9229553	2.44E-04	5.92E-04	1.04E-04	0.822200242	1.519649499	8.36E-04	0.003935472	0	0	0	0	0	0	0	0	0	0	0	0	0	0	0	0	0	0	0	0	0	0	0	0
Mealworm_MAG_0053	0.010642397	0.010907794	0.222455299	10.60280025	0.023699902	0.024443012	4.83E-03	0.012579791	1.075041375	2.703779352	0.068206886	0.01342906	1.59E-04	49.60355079	0.837219622	3.85E-03	0.012526712	0.009952367	2.267467598	3.243701877	4.25E-03	0.003927867	0	0	0	0	0	0	0	0	0	0	0	0	0	0	0	0	0	0	0	0	0	0	0	0
Superworm_MAG_0001	0	0	0	0	0	0	0	0	0	0	0	0	0	0	0	0	0	0	0	0	0	0	1.490947223	0.400477669	13.88486435	14.62612846	0.433813768	0.170654681	0.408922814	0.167203414	0.393888887	2.830666213	0.268623593	0.266035143	0.393392114	0.33568798	0.083170299	0.980787251	1.67E-03	0.049154405	0.672578675	0.094543791	0.88857045	0.237614484	1.087332038	0.141580373
Superworm_MAG_0002	0	0	0	0	0	0	0	0	0	0	0	0	0	0	0	0	0	0	0	0	0	0	10.39763068	1.398723195	12.81301563	4.748011947	17.57830506	5.850642963	7.793899461	1.248895836	8.849029952	5.427955196	6.985587716	4.955408604	7.440856829	1.776619974	2.448585142	28.19703062	2.881191153	5.249928582	1.236067349	0.471927747	1.020558807	18.02323779	8.085475745	7.897246553
Superworm_MAG_0003	0	0	0	0	0	0	0	0	0	0	0	0	0	0	0	0	0	0	0	0	0	0	1.349426977	1.647262325	0.468244812	0.200931682	0.439659918	0.415012165	1.627939086	7.560260756	1.266434543	7.093565803	0.109390027	0.152173627	0.458033243	0.132800393	0.081330085	0.102928116	0.016323512	0.076330541	3.629356624	0.994134368	0.486105683	0.231653881	0.075605607	0.038334005
Superworm_MAG_0004	0	0	0	0	0	0	0	0	0	0	0	0	0	0	0	0	0	0	0	0	0	0	6.080420619	1.882692114	10.6814325	1.834872432	5.114982202	8.982860355	24.21730253	2.9364489	14.5877408	5.940997245	1.995812634	4.844085123	3.054355444	11.14490621	27.09033661	28.5796216	2.182832612	20.48355473	7.635574274	6.278797264	11.54914273	20.1915667	17.6081682	4.060373667
Superworm_MAG_0005	0	0	0	0	0	0	0	0	0	0	0	0	0	0	0	0	0	0	0	0	0	0	0.223337242	0.113478566	26.3148226	426.9541372	1.202749921	0.684424865	0.441427304	0.313817883	1.138189683	30.57048468	1.63074378	0.975410874	0.437325869	0.81882573	0.809443905	110.1699865	0.034521794	2.109333072	2.547638636	0.569435244	6.619483376	4.160399202	6.132309299	7.804316503
Superworm_MAG_0006	0	0	0	0	0	0	0	0	0	0	0	0	0	0	0	0	0	0	0	0	0	0	0.547145882	0.112003197	1.754476368	9.907391952	17.65595325	1.603899839	0.681912152	0.322270385	4.853878697	2.971108094	20.51111945	5.643892334	0.573366871	0.236173821	1.979203932	35.41852866	0.100575432	1.070530147	2.254080526	0.605486659	14.69011524	25.09881257	29.71670236	3.273537067
Superworm_MAG_0007	0	0	0	0	0	0	0	0	0	0	0	0	0	0	0	0	0	0	0	0	0	0	1454.923383	654.0058312	419.9850906	198.203948	675.6832927	824.581179	663.4887301	1252.089361	250.7916094	410.9945893	645.3467482	282.3132231	716.6650047	496.569576	938.1474746	86.13433103	751.2217767	429.2145948	506.6710849	328.571675	291.9970429	51.34850108	214.5661026	391.7632686
Superworm_MAG_0008	0	0	0	0	0	0	0	0	0	0	0	0	0	0	0	0	0	0	0	0	0	0	1.33397135	0.562335103	0.646797659	1.21655375	0.811019559	0.231352544	6.359347005	0.719445223	1.494905883	1.189408558	0.145929816	0.164563656	5.048533693	1.949034523	6.985411467	0.679947992	0.26562579	0.865521506	12.03282225	0.931757075	1.530611249	5.326104669	0.512634014	0.158395773
Superworm_MAG_0009	0	0	0	0	0	0	0	0	0	0	0	0	0	0	0	0	0	0	0	0	0	0	27.37410861	7.761489739	13.47081259	14.11761985	35.03772972	8.182381241	46.8350452	38.03451218	27.81285338	49.46348062	13.29707462	6.000277529	10.34302154	22.9738844	2.18089093	34.41382428	0.687562355	4.873208891	10.54358172	4.189031042	9.292019674	16.04250112	6.308464987	2.44011587
Superworm_MAG_0010	0	0	0	0	0	0	0	0	0	0	0	0	0	0	0	0	0	0	0	0	0	0	0.904716496	0.310203076	14.17689658	11.58658949	11.86035634	1.794302201	0.854227127	0.543922111	179.4517877	80.96345426	7.367414071	7.204062683	3.282260479	96.03513548	8.421559878	37.7289133	0.475156376	8.800572378	4.747078403	2.288885407	8.57816867	13.1840312	9.332858779	21.73096258
Superworm_MAG_0011	0	0	0	0	0	0	0	0	0	0	0	0	0	0	0	0	0	0	0	0	0	0	0.885206281	0.146937564	0.403069759	0.055269677	0.034524662	0.030173194	0.562321371	1.750966942	0.180676544	0.907432004	0.063262476	0.262870925	3.08E-03	0.006874714	1.21E-04	7.55E-05	0.008838918	0.009382851	5.875855663	1.395687777	0.191358792	0.024582768	0.005711301	0.319349343
Superworm_MAG_0012	0	0	0	0	0	0	0	0	0	0	0	0	0	0	0	0	0	0	0	0	0	0	10.5860592	2.166917007	2.183997009	3.500239409	7.085367213	1.402665635	12.46194715	4.247194328	1.665969211	2.256154114	2.053181511	1.659180501	27.01521065	4.744265671	3.126801304	2.2495425	3.785345568	11.79712578	1.881023751	5.276421858	0.549688769	4.120943991	5.023389895	5.613378023
Superworm_MAG_0013	0	0	0	0	0	0	0	0	0	0	0	0	0	0	0	0	0	0	0	0	0	0	0.036291952	0.011486675	0.750066676	0.040285882	0.009737268	0.012245852	0.176508605	0.205835935	0.007624776	0.1880778	3.23E-03	0.00991881	1.25E-03	5.936597515	1.19E-03	2.31E-04	2.15E-04	5.45E-04	0.009902306	0.002624111	0.024376177	0.033667841	3.89E-03	0.023369442
Superworm_MAG_0014	0	0	0	0	0	0	0	0	0	0	0	0	0	0	0	0	0	0	0	0	0	0	8.715078147	12.69511902	7.436750728	2.425067243	1.850252164	0.732338256	20.50467116	13.64010324	7.298556657	22.79667983	15.33899999	2.797326717	5.198084191	3.652478341	30.11237204	31.02089161	1.697993524	4.664611204	10.6429048	4.655011167	14.01589821	7.388363448	7.88710082	2.217814846
Superworm_MAG_0015	0	0	0	0	0	0	0	0	0	0	0	0	0	0	0	0	0	0	0	0	0	0	0.023036551	1.26E-03	0.005378905	4.34E-03	0.528542324	4.929339738	2.08E-03	9.27E-04	1.52E-03	0.004674083	0.322993965	3.616590175	2.67E-03	0.006936933	6.31E-04	1.78E-03	0.00289348	1.89E-03	0.009644933	1.48E-03	1.63E-03	9.27E-04	4.08E-04	1.37E-03
Superworm_MAG_0016	0	0	0	0	0	0	0	0	0	0	0	0	0	0	0	0	0	0	0	0	0	0	5.781293546	1.222369272	3.036068045	6.693497126	3.648985929	2.210423929	1.761838603	1.418964279	7.762585444	3.704003701	4.788399522	7.718138772	2.56479604	0.389998092	0.128054465	0.01173804	0.824305568	0.909938344	1.390374258	0.343629402	0.150294961	0.085461168	8.015536772	0.76290395
Superworm_MAG_0017	0	0	0	0	0	0	0	0	0	0	0	0	0	0	0	0	0	0	0	0	0	0	15.91605039	0.980815573	5.010895042	7.687927836	1.982662959	2.107079372	2.936774238	4.360072406	1.456227647	1.694791829	4.067488753	3.525170494	5.85757826	1.108111861	1.959769408	0.421945306	0.711009112	4.276294227	5.991012463	1.927683529	1.344872485	0.257501541	8.612134959	4.283246653
Superworm_MAG_0018	0	0	0	0	0	0	0	0	0	0	0	0	0	0	0	0	0	0	0	0	0	0	10.34420743	6.939997893	8.145884706	3.687530528	13.39385951	3.985807854	7.157621797	19.67648032	9.350146634	22.41352653	0.381737367	0.999895613	1.880657557	2.472189834	0.007976712	1.77E-03	0.066140237	0.099302678	1.230555534	0.753060694	5.277702825	0.763511664	0.972420272	0.11012294
Superworm_MAG_0019	0	0	0	0	0	0	0	0	0	0	0	0	0	0	0	0	0	0	0	0	0	0	30.43905401	25.41236193	19.51333328	12.63354658	5.278546423	1.327846437	8.795095029	64.64710569	19.38171741	24.03119684	0.904839741	1.73433004	1.782658148	12.10343715	0.223488408	0.332220187	0.772111984	0.389236493	14.13378654	11.13444437	23.53984815	3.282587815	2.846781539	0.907968527
Superworm_MAG_0020	0	0	0	0	0	0	0	0	0	0	0	0	0	0	0	0	0	0	0	0	0	0	36.45054759	9.634793332	6.70019423	5.552467602	6.384735533	2.968966527	69.49480059	29.59058637	8.809689606	13.56173885	1.543600945	1.889896877	10.34049362	12.3393072	2.375116116	5.694921097	2.628718638	3.39957167	26.47428638	8.365379025	17.06166132	4.577149158	5.948393833	0.897316849
Superworm_MAG_0021	0	0	0	0	0	0	0	0	0	0	0	0	0	0	0	0	0	0	0	0	0	0	2.790175314	0.46554004	1.094040985	0.4005746	0.558965486	0.344803932	0.795648757	0.806074971	0.41975774	70.61595483	0.172593524	0.124977743	0.270014318	0.137757381	0.238817771	0.086994579	0.053663533	0.377450844	0.274091761	0.051802686	0.193172298	2.430293051	0.130313994	0.151905288
Superworm_MAG_0022	0	0	0	0	0	0	0	0	0	0	0	0	0	0	0	0	0	0	0	0	0	0	0.676381971	0.33232926	7.642991181	6.398560062	2.503523823	1.230787699	0.648687866	0.671262052	0.382364828	1.355469353	2.178932621	1.256969101	0.039795731	0.018356072	0.161713792	1.143283637	0.003636306	0.612906617	7.464928558	0.108274642	12.76686606	12.73440112	1.574404053	0.204302206
Superworm_MAG_0023	0	0	0	0	0	0	0	0	0	0	0	0	0	0	0	0	0	0	0	0	0	0	0.005561896	0.002349859	0.426271127	0.402840162	0.015248723	0.915379842	0.014200585	3.31E-03	0.201191857	0.112979177	21.83329776	5.380922799	0.007438402	0.011191413	0.005156165	0.027014922	0.182511326	47.73901895	0.01697308	0.004108026	0.067976847	0.044326111	0.1176958	0.037107481
Superworm_MAG_0024	0	0	0	0	0	0	0	0	0	0	0	0	0	0	0	0	0	0	0	0	0	0	43.24649213	14.08916844	10.0732725	16.56912459	13.73317956	6.629495758	7.378809335	11.9840314	2.449878794	6.142043065	16.68410035	10.44651471	9.120281619	6.298157791	21.14649554	0.29912713	9.862267173	6.200690442	14.53457776	14.2807174	4.757069842	0.542876667	11.81722611	8.294997774
Superworm_MAG_0025	0	0	0	0	0	0	0	0	0	0	0	0	0	0	0	0	0	0	0	0	0	0	11.79805602	1.453951746	65.01061207	4.363435853	1.255370524	3.792784449	9.423445438	4.695529648	2.238134356	1.64993154	4.199825737	7.915505811	2.13649752	10.02307478	0.57063494	51.30353537	0.412063034	4.131052521	2.496383794	0.623503218	26.01825632	58.85248669	11.44060653	20.50872642
Superworm_MAG_0026	0	0	0	0	0	0	0	0	0	0	0	0	0	0	0	0	0	0	0	0	0	0	1.344143417	0.15419638	13.88873792	15.98015067	80.08283547	6.074735668	21.52530031	18.44045073	30.93013107	22.23295704	129.2303477	18.89276873	0.659083174	0.884756928	11.20260237	150.1749166	0.120843507	0.946270495	142.7709832	0.808135901	3.950649394	108.3838479	1.084841815	1.660381057
Superworm_MAG_0027	0	0	0	0	0	0	0	0	0	0	0	0	0	0	0	0	0	0	0	0	0	0	6.131445533	1.880342755	1.499544707	2.824034979	25.87211217	2.868597348	1.234966156	1.266685314	0.05561888	3.880015964	1.545599494	1.395117422	0.255687097	10.0404901	0.968811107	0.058750858	0.398370755	1.974995747	6.000427967	1.771711472	4.524446663	3.746560079	26.12502463	28.84799552
Superworm_MAG_0028	0	0	0	0	0	0	0	0	0	0	0	0	0	0	0	0	0	0	0	0	0	0	0.180490075	3.780672023	0.090985908	4.56666467	1.333919026	1.620412328	12.68061551	2.369784823	0.191638406	0.411876752	13.03882034	0.062832843	0.042723511	7.212229578	10.46260323	0.172916736	0.005103772	0.005597685	0.690667357	0.138507434	4.666705657	0.252683753	50.32314481	12.15426845
Superworm_MAG_0029	0	0	0	0	0	0	0	0	0	0	0	0	0	0	0	0	0	0	0	0	0	0	9.96E-04	0.002988388	3.755081118	47.73858613	2.23E-04	1.55E-04	6.53E-04	3.26E-04	2.40E-04	3.205046002	0.00747097	1.72E-04	0.015354131	1.48E-03	2.40E-04	3.43E-04	0	1.89E-04	1.29E-03	1.89E-04	1.788103606	97.43827605	5.32E-04	1.03E-04
Superworm_MAG_0030	0	0	0	0	0	0	0	0	0	0	0	0	0	0	0	0	0	0	0	0	0	0	0.364438613	1.885590378	0.028394492	0.050692269	0.014453052	0.00370919	12.89297522	1.790558362	0.143507297	0.088807397	1.66E-03	0.028650298	2.284562833	0.060498174	0.004135534	0.019483908	0.004007631	1.132965806	2.90E-03	4.26E-04	0.03159207	0.253461343	2.05E-03	1.71E-04
Superworm_MAG_0031	0	0	0	0	0	0	0	0	0	0	0	0	0	0	0	0	0	0	0	0	0	0	6.999900916	1.598145542	4.019739896	2.518649645	1.564555235	0.657616929	21.5377711	8.042123127	7.694624287	9.621690511	0.632131187	0.4399657	18.90590691	1.680637553	1.407900214	0.831678062	0.444853376	0.853198801	20.70484618	3.650396135	2.34927669	1.862628692	0.762003735	0.496024357
Superworm_MAG_0032	0	0	0	0	0	0	0	0	0	0	0	0	0	0	0	0	0	0	0	0	0	0	10.05541004	0.883416326	7.328861913	8.38900202	2.979257976	1.097875312	2.708555302	4.215366792	0.734372395	1.45600064	1.513201981	1.536498728	1.73552477	4.337043952	3.583923661	7.479526487	1.709134068	1.373808244	5.999381946	2.855315599	3.866578579	1.977479443	4.639183422	1.056843571
Superworm_MAG_0033	0	0	0	0	0	0	0	0	0	0	0	0	0	0	0	0	0	0	0	0	0	0	0.20082062	0.682059153	7.383158562	11.60035312	0.870799759	0.183931683	202.5486009	16.55615976	10.71547283	28.27835174	0.523287754	0.246370738	9.14953365	1.77395395	4.344419418	0.637316934	1.420863595	31.84503368	4.858320155	0.002923825	0.490587078	0.549525237	0.43084102	2.157398227
Superworm_MAG_0034	0	0	0	0	0	0	0	0	0	0	0	0	0	0	0	0	0	0	0	0	0	0	7.503061305	0.754234604	4.246623153	1.990372686	6.021736477	1.62838041	6.343072685	4.518389611	5.338367659	9.072958283	1.251222774	1.052177439	15.30995412	2.713550571	7.354594055	5.633971157	0.88866583	1.68613784	3.200495724	0.993331007	4.09053289	6.791257439	0.952029604	0.637106407
Superworm_MAG_0035	0	0	0	0	0	0	0	0	0	0	0	0	0	0	0	0	0	0	0	0	0	0	0.009337586	0.027502108	0.102932294	0.080317828	4.38E-03	0.005033542	0.124452511	0.012766231	0.076743284	0.079588329	4.09E-03	1.82E-03	0.09191686	2.04E-03	6.306736776	0.306316585	2.04E-03	0.034870047	0.011234283	0	0.006127791	0.064560652	2.19E-03	3.94E-03
Superworm_MAG_0036	0	0	0	0	0	0	0	0	0	0	0	0	0	0	0	0	0	0	0	0	0	0	1.085878166	0.85110847	165.3886199	15.05233054	43.37211193	3.299044984	5.022520937	2.93387325	15.20207857	11.50695142	10.12815052	9.500304837	4.821452099	9.151400995	11.3171162	56.026748	0.615878498	12.20237142	5.984973128	2.942791104	13.21604374	24.45573283	15.16577427	26.89129942
Superworm_MAG_0037	0	0	0	0	0	0	0	0	0	0	0	0	0	0	0	0	0	0	0	0	0	0	34.17616934	12.16210489	50.5256586	54.86412937	17.31445809	16.32177768	13.19439658	12.4706816	38.14267604	25.05092878	32.76148098	21.95286608	65.72411551	16.89594321	30.16336798	32.97285754	13.4441502	21.74181553	74.59340809	46.09720667	19.95851645	27.50792225	56.67891255	25.28035281
Superworm_MAG_0038	0	0	0	0	0	0	0	0	0	0	0	0	0	0	0	0	0	0	0	0	0	0	2.790322166	1.705626677	1.861252713	1.147709909	3.504795901	1.42419651	2.694468342	2.346556838	0.344669295	0.518785552	2.496693589	1.753906701	0.022149745	0.006484418	0.039452227	0.321171304	1.35E-03	5.02170033	0.693126517	0.081665147	0.901237818	0.100668987	2.566160326	0.048729439
Superworm_MAG_0039	0	0	0	0	0	0	0	0	0	0	0	0	0	0	0	0	0	0	0	0	0	0	40.24269627	20.0188523	41.72727986	50.76112993	45.09367741	12.49979139	49.85869431	34.41734349	5.468695633	11.6683235	51.97275343	12.47749736	2.316382108	0.891595625	6.636392348	82.30648835	0.394939572	17.81223992	59.13293725	2.168589736	90.84852376	14.32348502	86.77119719	17.55694501
Superworm_MAG_0040	0	0	0	0	0	0	0	0	0	0	0	0	0	0	0	0	0	0	0	0	0	0	12.43169931	3.139912666	6.267727296	5.485155245	4.406541095	1.628692525	26.31579263	12.08490393	4.243802267	7.797251902	1.911782078	1.136068579	11.78913168	26.28253427	2.057048463	10.25533453	0.568090507	2.169776077	34.51248212	43.00692272	9.536828102	2.564491379	4.113804594	1.266673403
Superworm_MAG_0041	0	0	0	0	0	0	0	0	0	0	0	0	0	0	0	0	0	0	0	0	0	0	3.237364882	1.4477249	2.660474979	1.270314066	1.583540908	1.613447931	8.293683003	3.248240163	0.114752964	0.216849352	1.895298962	0.495450299	0.054845167	0.017687957	0.055845193	0.170848164	0.004281361	0.668986032	9.15404898	0.124346962	0.202223974	0.348446502	0.982025369	0.040907307
Superworm_MAG_0042	0	0	0	0	0	0	0	0	0	0	0	0	0	0	0	0	0	0	0	0	0	0	0.576008171	1.028636243	0.845859195	1.974529038	1.156219032	0.523003147	23.56622235	0.257546571	0.551670923	0.530673455	0.589191513	0.626456426	0.354400189	0.992601775	0.343326182	1.065917136	0.232697969	0.63695516	2.047221186	0.604819766	1.670545144	1.312277841	11.66513225	1.535036369
Superworm_MAG_0043	0	0	0	0	0	0	0	0	0	0	0	0	0	0	0	0	0	0	0	0	0	0	0.207098462	1.522011045	0.800925597	3.619384081	1.194497711	1.643235791	1.53774961	4.595580064	1.217012228	7.920912135	0.355683476	1.472622185	0.19696153	0.383529668	0.10840173	0.531318305	0.03186857	0.126650907	0.329268062	0.240924229	3.444937068	6.423021859	0.418934691	0.284481991
Superworm_MAG_0044	0	0	0	0	0	0	0	0	0	0	0	0	0	0	0	0	0	0	0	0	0	0	6.99E-04	3.85E-04	0.034861082	0.029266526	1.05E-04	0	3.71E-03	8.04E-04	5.94E-04	3.15E-04	1.08E-03	3.50E-05	6.516295079	1.672597674	0.003881224	1.89E-03	0.045211013	2.45E-03	1.15E-03	6.29E-04	1.05E-04	2.45E-04	0	6.99E-05
Superworm_MAG_0045	0	0	0	0	0	0	0	0	0	0	0	0	0	0	0	0	0	0	0	0	0	0	4.683689858	0.135291429	6.759471945	3.817211741	3.158628621	0.452877306	0.12900719	0.063924106	0.105776109	0.501090813	1.109837856	0.660334466	0.123907684	0.079248378	0.036443437	0.07996952	0.003682976	0.462252155	1.298699849	0.15208374	0.124345521	0.041826248	0.113348102	0.334172148
Superworm_MAG_0046	0	0	0	0	0	0	0	0	0	0	0	0	0	0	0	0	0	0	0	0	0	0	6.978155904	1.79085749	3.417533167	2.959078366	3.466123051	1.814201003	10.07710774	6.141246745	3.264366489	3.628428807	2.026061473	0.87233984	6.593564159	4.12100105	1.19453928	5.662530526	0.28617914	1.476617894	76.4703733	2.046966112	5.386964511	2.809342194	4.608481137	1.076294069
Superworm_MAG_0047	0	0	0	0	0	0	0	0	0	0	0	0	0	0	0	0	0	0	0	0	0	0	26.79267383	4.864220452	4.262212544	38.11037371	9.185409769	5.162160771	5.535192439	3.504741292	4.811184407	10.23400529	1.772847496	1.334855282	7.224869773	14.5024312	12.18371135	17.95743685	0.424848	7.129889906	34.31671799	9.303478108	8.103064037	5.918297512	43.78283423	5.197632932
Superworm_MAG_0048	0	0	0	0	0	0	0	0	0	0	0	0	0	0	0	0	0	0	0	0	0	0	6.01E-04	9.26E-04	10.52837771	0.195123335	1.00E-04	1.25E-04	0.137672299	11.84737442	2.00E-04	0.008332402	0.005930268	5.76E-04	2.60E-03	0	5.50E-04	0	0	0	1.08E-03	4.00E-04	1.68E-03	2.75E-03	2.50E-05	0
Superworm_MAG_0049	0	0	0	0	0	0	0	0	0	0	0	0	0	0	0	0	0	0	0	0	0	0	135.9861704	20.55585821	20.48389871	15.59891209	17.94711616	5.378141269	120.2631839	80.53393779	23.41801173	45.44989855	6.49601695	4.273531865	485.8782251	59.03401771	27.36339511	12.17745527	5.332933599	11.26489624	45.57251111	8.270153046	28.62621309	26.04871806	6.791383474	3.465495011
Superworm_MAG_0050	0	0	0	0	0	0	0	0	0	0	0	0	0	0	0	0	0	0	0	0	0	0	3.978056376	1.204045165	2.629103153	3.915208892	2.271505452	1.161332799	3.974492859	1.181492836	8.387024212	1.872316771	5.735318891	3.332810573	2.402184361	4.245544441	2.780415574	1.776600202	0.27782974	2.619658587	3.80805418	1.749711845	0.615416922	2.331387492	4.835618027	0.958012963
Superworm_MAG_0051	0	0	0	0	0	0	0	0	0	0	0	0	0	0	0	0	0	0	0	0	0	0	8.943227699	6.406332668	8.459858349	158.708656	18.95988877	16.78696348	6.099781213	6.634395319	6.062516366	22.88511184	16.42948042	20.1240909	23.42088907	27.22939667	47.49585896	130.8887927	1.737691566	33.99361502	38.38681835	13.74166947	40.89434439	132.531734	32.44860016	13.11226039
Superworm_MAG_0052	0	0	0	0	0	0	0	0	0	0	0	0	0	0	0	0	0	0	0	0	0	0	36.77388356	21.03105046	104.3453838	21.19580626	24.74128631	6.803517426	9.64E-05	2.17E-04	1.543048659	2.373288636	1.727452677	7.803166088	0.112079263	1.40E-03	45.63610105	0.360852313	0.009643301	0.011403203	2.414369097	0.524209828	0.015212307	6.99E-04	1.238079273	0.051639875
Superworm_MAG_0053	0	0	0	0	0	0	0	0	0	0	0	0	0	0	0	0	0	0	0	0	0	0	2.936797958	1.666808865	75.40819332	167.2840458	9.382344971	74.93624437	2.065499427	2.27052085	85.09054475	21.19123031	16.69559775	254.7550415	18.47571688	2.674483634	8.499332752	218.6587707	0.479602168	23.48422188	2.931610772	0.287952632	87.99018204	96.15785374	193.6796612	46.66869241
Superworm_MAG_0054	0	0	0	0	0	0	0	0	0	0	0	0	0	0	0	0	0	0	0	0	0	0	7.595352344	0.799594142	7.43E-04	1.02E-03	5.029572553	0.612186171	1.93E-03	0.140547728	4.01E-03	0.394418043	4.167789589	2.533786125	1.65E-04	1.82E-04	3.30E-05	1.65E-04	0.821126753	0.220243141	2.31E-04	3.30E-05	2.48E-04	3.14E-04	12.46797608	0.00957005
Superworm_MAG_0055	0	0	0	0	0	0	0	0	0	0	0	0	0	0	0	0	0	0	0	0	0	0	8.683527872	28.99380607	1.272168593	1.801767726	1.740590244	0.350104803	62.07644857	8.917254123	24.76060692	15.61859117	0.503270606	0.363269066	78.13107568	1.224599567	0.717371605	6.868070927	2.632448914	5.721407031	4.648842595	0.484251072	1.721570709	3.434217179	0.117549606	0.066709704
Superworm_MAG_0056	0	0	0	0	0	0	0	0	0	0	0	0	0	0	0	0	0	0	0	0	0	0	0.193137044	0.939539446	2.640237493	1.730696178	1.51E-04	1.34E-04	0.070866606	0.011456573	3.18E-04	0.116776643	1.83E-03	3.35E-05	1.14E-03	1.17E-04	1.67E-04	0	3.35E-05	1.67E-04	0.393526568	0.00375186	1.84E-04	3.85E-04	2.40E-03	6.99410355
Superworm_MAG_0057	0	0	0	0	0	0	0	0	0	0	0	0	0	0	0	0	0	0	0	0	0	0	0.368798925	0.274104757	1.28025193	16.69382481	0.466215727	0.341242088	0.238411492	0.139625504	98.7583843	31.0397001	0.675669721	0.455671421	0.439351352	0.395128216	1.25949381	25.33990438	0.154655075	0.744742798	11.46013465	0.514703799	2.401741227	36.37692906	1.459977275	1.25787282
Superworm_MAG_0058	0	0	0	0	0	0	0	0	0	0	0	0	0	0	0	0	0	0	0	0	0	0	5.065016785	6.705101619	23.5862886	57.30542286	50.59200592	44.06393005	65.08614981	10.35131198	51.88880382	45.22181664	81.18020795	58.28791653	3.472601452	5.509145952	8.270454343	77.96388487	0.507990878	37.08799067	102.8908158	7.169686491	74.40471331	99.25565729	68.52809038	166.1851639
Superworm_MAG_0059	0	0	0	0	0	0	0	0	0	0	0	0	0	0	0	0	0	0	0	0	0	0	6.09213502	1.199825828	16.22355346	59.61941927	35.52535479	15.59417783	4.719075709	3.828699206	15.84252155	67.39223097	31.09173128	15.78610939	22.75803795	5.470632266	13.65843521	34.26801157	39.75874994	8.527366005	16.51338116	2.121345599	58.59744467	41.80303223	62.54920293	35.77563645
Superworm_MAG_0060	0	0	0	0	0	0	0	0	0	0	0	0	0	0	0	0	0	0	0	0	0	0	0.386613306	0.166458938	12.11560201	3.211104716	0.702202061	1.247914087	0.962853156	0.397265436	0.03760854	0.226489745	2.106606184	0.544935632	0.006956493	2.11E-03	0.42661314	1.325429294	7.76E-04	7.231647074	0.908412388	0.011521691	0.026863243	1.143473526	1.462385249	0.133136095
Superworm_MAG_0061	0	0	0	0	0	0	0	0	0	0	0	0	0	0	0	0	0	0	0	0	0	0	0.683794731	0.176867139	0.500938115	0.308540948	0.33214375	0.08475229	0.676763605	0.26491009	0.512230529	0.809976213	0.282049939	0.072323532	34.20297021	2.979492787	1.687115064	1.680983543	0.064771582	0.260790845	1.680604762	0.430058686	0.431171356	1.249622797	0.504228776	0.46852865
Superworm_MAG_0062	0	0	0	0	0	0	0	0	0	0	0	0	0	0	0	0	0	0	0	0	0	0	12.72259029	0.578715368	1.99352521	1.880146613	1.712617623	0.671743961	3.126264607	1.352364399	0.564257174	1.095566722	0.355330461	0.590925371	26.08909348	4.654763141	3.580437948	1.330812775	1.35197678	1.42105051	3.826731146	0.68794644	0.717134161	0.290443018	2.533284855	0.737096547
Superworm_MAG_0063	0	0	0	0	0	0	0	0	0	0	0	0	0	0	0	0	0	0	0	0	0	0	44.57916085	15.76980761	13.92853646	12.44852574	41.45898294	10.50850646	106.1335161	70.22133289	21.17309784	29.14012854	11.39471419	6.3877307	9.206226904	7.614351463	1.443547099	13.42276155	0.764035273	3.916553711	22.81506888	4.83780775	15.26421308	14.57021888	10.47186245	2.539259595
Superworm_MAG_0064	0	0	0	0	0	0	0	0	0	0	0	0	0	0	0	0	0	0	0	0	0	0	1.430456449	4.819325098	0.009311758	0.018141041	0.010148047	2.69E-03	0.301530473	0.219091666	2.57E-03	0.004872992	0.014522482	0.00718887	0.018800423	0.019475887	2.61E-03	0.006400828	9.01E-04	1.93E-03	0.018430525	0.126392234	3.36E-03	0.02584455	0.017240422	0.005612787
Superworm_MAG_0065	0	0	0	0	0	0	0	0	0	0	0	0	0	0	0	0	0	0	0	0	0	0	33.28422467	5.914620748	33.74669441	16.6344009	14.58652307	8.558032574	14.69078356	3.500221654	10.52838768	10.89716713	3.870154209	7.040345767	4.968973295	4.688190666	9.417941389	5.199619601	6.011482107	3.418086488	9.402254269	14.16501281	3.451022233	4.176473452	9.197264692	11.49522356
Superworm_MAG_0066	0	0	0	0	0	0	0	0	0	0	0	0	0	0	0	0	0	0	0	0	0	0	3.563042731	0.375007421	5.578522098	0.383507625	1.67632122	5.9413324	0.235064377	0.537118458	1.073063078	6.023811366	0.433483429	8.083127499	2.75E-03	0.130336464	0.003993747	0.005923158	4.59E-04	0.39404518	0.107507344	0.266798472	0.745535369	2.462077396	1.89E-03	4.61141474
Superworm_MAG_0067	0	0	0	0	0	0	0	0	0	0	0	0	0	0	0	0	0	0	0	0	0	0	2.534119034	1.097329604	8.890873953	9.533951019	2.238586467	0.915143187	3.558075811	2.374579345	3.149438188	3.290220792	1.097554625	1.672852236	3.239076798	0.926715681	1.52216872	4.886614203	0.229376476	3.694824116	10.08033347	1.464611635	17.38598468	15.14148338	13.07346262	1.660315368
Superworm_MAG_0068	0	0	0	0	0	0	0	0	0	0	0	0	0	0	0	0	0	0	0	0	0	0	43.30144902	5.893652903	2.985469557	0.045038659	1.593476642	9.871813861	6.179786455	18.27334879	0.30206689	5.413859465	0.100646644	2.155380728	0.048799815	4.944492524	1.06E-03	0	2.54E-04	1.308311151	4.838831005	7.364741194	6.307776866	9.216975882	0.169712269	22.23608425
Superworm_MAG_0069	0	0	0	0	0	0	0	0	0	0	0	0	0	0	0	0	0	0	0	0	0	0	0.008241343	0.003656086	16.25627157	26.23635634	0.022542497	0.013573977	0.007756558	0.003979276	130.3152893	17.09880751	0.065950945	0.049488458	0.101198846	0.143132739	0.296223768	31.32364859	2.20E-03	0.025047219	0.023148479	0.007352571	13.25636206	191.476842	0.033611752	0.016765477
Superworm_MAG_0070	0	0	0	0	0	0	0	0	0	0	0	0	0	0	0	0	0	0	0	0	0	0	0.103494681	0.037692306	0.233630265	0.139603551	0.063419059	0.021988539	0.032142118	0.051404535	5.053658347	0.14895725	0.025612485	0.017042342	0.044646365	0.018070759	0.038459538	3.23E-03	0.015148748	1.149394953	0.037724954	0.027914181	0.031782988	9.471265153	1.422496849	0.014365192
Superworm_MAG_0071	0	0	0	0	0	0	0	0	0	0	0	0	0	0	0	0	0	0	0	0	0	0	8.683170781	1.486669996	20.17811935	8.272046139	12.0572616	5.703237861	5.093829113	2.134218482	8.252739964	4.449139926	2.726447806	4.813050691	3.485367164	20.73521002	5.613370806	3.47525328	5.164319101	7.235585747	3.909205052	4.124408645	1.375724474	3.420572143	6.966079106	9.462979563
Superworm_MAG_0072	0	0	0	0	0	0	0	0	0	0	0	0	0	0	0	0	0	0	0	0	0	0	0.819517695	0.077672552	4.567864966	0.18691622	0.453425884	0.034652152	0.009205072	0.936273766	2.148794795	19.72165814	0.012210034	0.023716374	0.08723898	3.804376492	49.35934726	0.295703437	0.003917861	4.33469516	0.012951765	0.25901628	0.871077511	0.241119641	0.035241733	0.046386718
Superworm_MAG_0073	0	0	0	0	0	0	0	0	0	0	0	0	0	0	0	0	0	0	0	0	0	0	2.679231939	0.66233914	3.641815231	3.773307536	1.594640588	0.780959968	1.622652988	1.624211114	1.045773684	2.608032344	0.795457317	0.585110275	4.228009419	0.572509776	2.312360954	4.642911339	0.978943618	0.886912553	2.916947807	1.575062393	1.67783098	1.40034902	5.985372582	0.896803267
Superworm_MAG_0074	0	0	0	0	0	0	0	0	0	0	0	0	0	0	0	0	0	0	0	0	0	0	13.85398213	4.853041645	4.66812373	5.731752942	3.034805381	1.145847813	90.62874309	31.3835128	10.9636508	22.81041219	1.925482739	1.58784673	337.6927553	37.94654608	5.434302014	9.727303378	6.442367127	17.29352188	85.1086365	5.038698935	21.53143974	12.08679977	9.27303082	4.943504287
Superworm_MAG_0075	0	0	0	0	0	0	0	0	0	0	0	0	0	0	0	0	0	0	0	0	0	0	39.18873184	14.07967636	10.29596191	5.881768174	0.395594366	0.21342411	12.24460396	5.102987247	7.474974716	13.06016429	3.973580996	1.437233282	1.635585486	10.54875552	1.178396112	4.094378253	0.007474284	0.120994598	10.97937788	1.374503564	2.673721601	0.30299218	0.125336096	0.100397148
Superworm_MAG_0076	0	0	0	0	0	0	0	0	0	0	0	0	0	0	0	0	0	0	0	0	0	0	0.988159318	0.403084869	4.462522668	3.923122947	2.168300526	0.756454909	0.741188879	0.722838803	0.258134686	0.744920576	1.401020614	0.649284296	0.448574554	0.695606673	0.116330231	0.782083335	0.043238331	0.499985608	15.41279962	0.107910785	4.816632879	0.483671002	1.169316205	1.160835078
Superworm_MAG_0077	0	0	0	0	0	0	0	0	0	0	0	0	0	0	0	0	0	0	0	0	0	0	0.018642998	1.186229517	0.592762883	0.042634502	1.310192017	0.639607094	1.436534475	5.022221464	0.044681777	0.361382422	0.013435242	0.01378072	0.008508987	1.04E-03	1.66E-04	2.07E-03	7.68E-05	5.25E-04	0.040241749	0.006615257	0.01064583	3.749750488	2.55E-03	7.68E-04
Superworm_MAG_0078	0	0	0	0	0	0	0	0	0	0	0	0	0	0	0	0	0	0	0	0	0	0	7.202565385	0.413446252	0.267991545	0.022622791	0.011999915	0.010799924	0.348154911	1.484291128	0.116064752	0.402528297	0.030393227	0.382521881	1.04E-03	0.00385571	3.93E-05	0	0.007180277	0.024019502	0.499255481	0.11169757	0.077783056	0.007829453	4.92E-04	1.18E-04
Superworm_MAG_0079	0	0	0	0	0	0	0	0	0	0	0	0	0	0	0	0	0	0	0	0	0	0	26.0902871	2.824927087	4.339092474	0.264099795	0.254489472	0.837596124	0.257295128	0.609233527	0.167336413	0.979199216	0.105599293	2.262031312	0.011248013	1.027606298	1.28E-03	1.02E-03	2.54E-05	0.33417771	0.496334451	0.519706451	2.180527649	0.877065733	4.70E-04	0.69030555
Superworm_MAG_0080	0	0	0	0	0	0	0	0	0	0	0	0	0	0	0	0	0	0	0	0	0	0	35.93080679	13.25602031	21.51058058	23.13800294	14.89324969	6.762668024	24.58340615	22.71052551	8.625034419	12.42645524	6.153407184	7.403212301	51.92286657	18.38247266	0.499757025	7.996135973	0.305266933	4.243632355	13.55968418	3.81723935	15.9506157	6.823466805	20.38503695	3.027845323
Superworm_MAG_0081	0	0	0	0	0	0	0	0	0	0	0	0	0	0	0	0	0	0	0	0	0	0	0.034935885	0.006271623	12.49467193	2.244462241	2.80E-03	0.00471424	0.739399063	1.209791813	0.685900859	13.04950008	0.008355148	0.00324104	0.014205857	0.00427228	0.014374223	4.71E-03	3.79E-04	3.22E-03	0.007976326	0.003998686	0.006250577	0.008628743	3.35E-03	0.007260771
Superworm_MAG_0082	0	0	0	0	0	0	0	0	0	0	0	0	0	0	0	0	0	0	0	0	0	0	0.822989516	0.220028045	0.680099339	4.238574168	2.61077306	1.140560359	0.751892397	0.636060325	0.465109892	0.706071779	8.491011439	1.506596387	0.137517528	0.055118362	0.666514612	2.381558621	0.019625477	0.353620478	3.805004228	0.079643249	0.980160359	3.887765283	0.413888788	0.234726275
Superworm_MAG_0083	0	0	0	0	0	0	0	0	0	0	0	0	0	0	0	0	0	0	0	0	0	0	0.539931568	0.228473219	1.786868703	3.910723577	7.583891771	0.953895397	0.523911638	0.179751187	0.541508333	0.639835386	12.52476309	5.851531827	109.742672	190.1424922	4.276974504	16.78879236	0.059775153	1.688573186	8.751407263	3.356837641	5.352990334	4.629759859	6.217183583	2.337932231
Superworm_MAG_0084	0	0	0	0	0	0	0	0	0	0	0	0	0	0	0	0	0	0	0	0	0	0	2.808683272	1.822464672	7.549009003	2.792664998	26.86405072	13.66739027	1.0068234	0.797364306	0.795174758	0.9178586	11.76653977	16.67078199	0.408131782	0.176800254	0.182769654	0.751568177	0.053540215	4.79133068	2.987488691	0.246865796	1.430812121	0.533373939	1.222874187	0.618674126
Superworm_MAG_0085	0	0	0	0	0	0	0	0	0	0	0	0	0	0	0	0	0	0	0	0	0	0	0.475195662	0.112472621	1.543662345	3.211064693	67.71254183	5.055943792	1.690354997	0.352322381	0.555290036	0.671879585	111.6205096	41.61818184	11.59743314	19.78340315	38.28848461	145.3898762	0.274626969	8.702350425	5.798600492	0.654638014	7.907705899	13.52347454	33.20698801	5.324132257
Superworm_MAG_0086	0	0	0	0	0	0	0	0	0	0	0	0	0	0	0	0	0	0	0	0	0	0	35.57433568	19.28316858	13.40088895	33.09008794	22.30505108	1.659946898	266.7137519	85.6233917	23.212092	76.24439291	11.87238661	4.111213662	640.8410342	51.04011536	16.8451006	18.7611934	14.64061595	14.02551424	158.9183836	167.4248564	29.64558867	11.15543374	5.713411883	14.74978556
Superworm_MAG_0087	0	0	0	0	0	0	0	0	0	0	0	0	0	0	0	0	0	0	0	0	0	0	13.55454067	3.797013382	44.4478189	49.69122016	69.5618231	14.37619047	8.647833608	5.583779101	17.09409099	13.39206779	122.912977	31.51254533	16.83054664	14.26493992	26.56738883	64.83236711	4.349517071	15.14509216	35.39027203	13.63034972	24.50910115	32.22497168	109.3658254	40.83585982
Superworm_MAG_0088	0	0	0	0	0	0	0	0	0	0	0	0	0	0	0	0	0	0	0	0	0	0	0	0	3.0100556	0.649403768	0	0	2.560914669	4.537001388	0.171809466	3.39161977	1.69E-03	0	1.07E-03	2.22E-05	1.78E-04	0	8.89E-05	2.22E-05	2.22E-05	2.22E-05	2.22E-05	2.22E-05	2.22E-05	2.22E-05
Superworm_MAG_0089	0	0	0	0	0	0	0	0	0	0	0	0	0	0	0	0	0	0	0	0	0	0	4.640469792	19.59772399	0.940285172	3.66018805	5.670258135	9.635770918	0.548264343	0.255001528	8.692083231	2.793448252	1.385487318	0.361483252	8.383951423	2.171485423	0.54554233	9.050232018	0.038363363	3.435587999	4.931589022	6.835177383	3.550593024	4.129020668	16.65085631	14.41399155
Superworm_MAG_0090	0	0	0	0	0	0	0	0	0	0	0	0	0	0	0	0	0	0	0	0	0	0	9.516545909	2.663046291	12.62456452	19.75127474	2.535160477	4.165321711	24.07685401	22.51909411	48.31182488	51.75800644	1.850532788	24.12468066	46.71173804	20.64043619	5.656928378	23.68233637	1.840159905	5.373692976	26.87276371	5.568758872	13.05503917	5.775328921	39.1864028	13.30005502
Superworm_MAG_0091	0	0	0	0	0	0	0	0	0	0	0	0	0	0	0	0	0	0	0	0	0	0	29.87257688	3.033414003	9.489268039	7.097637233	3.299391849	0.887274037	7.376482533	2.757116964	4.732119789	16.81526474	5.982331724	0.778783738	17.94116697	8.484067569	4.121117561	12.37445402	0.113082214	2.165087923	33.79500581	5.810765669	11.1318364	3.798850911	1.292144697	2.391277582
Superworm_MAG_0092	0	0	0	0	0	0	0	0	0	0	0	0	0	0	0	0	0	0	0	0	0	0	19.28234328	1.825308294	15.30159786	26.12066059	32.41433046	8.370731079	9.661259776	7.32014146	15.17503187	25.71912771	38.09277624	11.46496298	34.26668342	7.23598887	12.66485756	35.76152578	8.105065091	9.153953885	17.99359202	4.069249675	60.9796146	38.09797065	16.32430006	19.22863701
Superworm_MAG_0093	0	0	0	0	0	0	0	0	0	0	0	0	0	0	0	0	0	0	0	0	0	0	40.79029105	8.82006261	161.1229614	91.02130599	361.8306054	487.8210963	7.967553559	96.08051107	44.01822938	112.0492747	318.5701618	221.3803822	34.5764767	6.748570701	221.0352928	174.6566987	724.955737	222.3303335	31.21119336	28.75808956	66.38106809	23.13730581	409.1383542	796.2168518
Superworm_MAG_0094	0	0	0	0	0	0	0	0	0	0	0	0	0	0	0	0	0	0	0	0	0	0	2.72E-03	1.32E-03	5.769908311	1.781626744	1.043392687	0.279975636	2.00E-03	1.20E-03	0.011410418	0.133361768	0.129958661	0.078952089	2.12E-03	4.40E-04	0.030267636	0.026464164	4.80E-04	2.20E-03	4.16E-03	1.60E-04	2.60E-03	0.012971844	0.014773489	0.006285739
Superworm_MAG_0095	0	0	0	0	0	0	0	0	0	0	0	0	0	0	0	0	0	0	0	0	0	0	17.67435203	4.520682268	15.05653653	19.14761756	10.23715913	4.471583636	31.56058658	27.87356701	10.96887496	18.51197658	18.87314159	5.348189954	13.37093474	14.08977456	1.123655919	23.2138427	4.1912828	13.77558576	21.52753344	8.935031332	6.58372095	8.909986784	6.012294939	3.854879348
Superworm_MAG_0096	0	0	0	0	0	0	0	0	0	0	0	0	0	0	0	0	0	0	0	0	0	0	4.07E-04	1.20E-04	13.23346596	16.05288773	4.79E-05	1.44E-04	1.65E-03	4.55E-04	2.564447187	7.97204418	0.00706334	7.18E-05	0.014773154	1.01E-03	2.202421105	2.63E-04	2.39E-04	5.27E-04	1.58E-03	4.79E-05	0.579816376	0.189153839	3.35E-04	0.388387902
Superworm_MAG_0097	0	0	0	0	0	0	0	0	0	0	0	0	0	0	0	0	0	0	0	0	0	0	1.71631918	0.491050364	3.687204448	2.249571203	3.686106624	1.672987408	1.31748606	1.261916775	1.664463125	3.44464985	5.691444203	1.299113647	0.079915153	0.018081812	0.347784289	2.328227087	0.034613755	0.085436564	0.30435565	0.047658491	1.30579746	6.051788894	0.411942434	0.292893073
Superworm_MAG_0098	0	0	0	0	0	0	0	0	0	0	0	0	0	0	0	0	0	0	0	0	0	0	95.90388582	44.93589574	35.71075501	11.39821406	29.12111569	10.4546784	11.21079391	11.12148668	2.815757187	4.877248573	1.418442796	0.811007682	0.458650505	0.267452774	0.958854408	17.11804569	0.099702101	0.78341831	0.992357649	0.139041054	2.778502417	8.48473475	0.766301958	0.243745193
Superworm_MAG_0099	0	0	0	0	0	0	0	0	0	0	0	0	0	0	0	0	0	0	0	0	0	0	17.98937403	6.039694905	16.70320904	23.47017351	22.65157576	9.926645042	4.528573189	9.547315421	54.24580597	11.81761148	24.09303456	46.70076467	11.63635991	7.332899542	6.853734835	65.7460555	3.859821716	5.732213454	11.31011646	12.16141504	3.118332361	12.7184686	58.11803683	7.6805117
Superworm_MAG_0100	0	0	0	0	0	0	0	0	0	0	0	0	0	0	0	0	0	0	0	0	0	0	16.61405998	1.488784157	4.293499266	3.915267616	1.288418623	0.557640201	1.304077681	2.657362362	1.326359147	2.816316896	0.148258089	0.767427996	25.9779926	1.168662032	3.120930852	2.014905054	0.297589176	0.227408427	10.13863688	3.18978712	0.898182812	0.865942587	2.93233476	1.023472046