	Control_1a	Control_1b	Control_2a	Control_2b	Control_3a	Control_3b	PB_1a	PB_1b	PB_2a	PB_2b	PB_3a	PB_3b	Standard_1a	Standard_2a	Standard_2b	Standard_3a	Styrofoam_1a	Styrofoam_1b	Styrofoam_2a	Styrofoam_2b	Styrofoam_3a	Styrofoam_3b	SControl_1a	SControl_1b	SControl_2a	SControl_2b	SControl_3a	SControl_3b	SPB_1a	SPB_1b	SPB_2a	SPB_2b	SPB_3a	SPB_3b	SStandard_1a	SStandard_1b	SStandard_2a	SStandard_2b	SStandard_3a	SStandard_3b	SStyrofoam_1a	SStyrofoam_1b	SStyrofoam_2a	SStyrofoam_2b	SStyrofoam_3a	SStyrofoam_3b
Mealworm_MAG_0001	1.96E-05	5.43E-06	0.294676172	0.01870885	0.057545648	0.007830657	9.64E-05	0.000178454	0.009503314	0.022169572	0.001318775	7.90E-05	0	0.266632172	0.004677804	1.12E-06	0.00150071	4.40E-05	0.078334809	0.026496577	6.02E-05	2.15E-05	0	0	0	0	0	0	0	0	0	0	0	0	0	0	0	0	0	0	0	0	0	0	0	0
Mealworm_MAG_0002	0.107584986	0.211065161	0.000488754	0.216522572	0.833861808	0.364393849	0.3919081	0.744297654	0.219702201	0.421994627	0.397009986	0.120770101	0.022425063	4.16E-06	0.001587073	3.23E-05	0.026571053	0.031835758	0.221209698	0.116945573	0.083399214	0.047902916	0	0	0	0	0	0	0	0	0	0	0	0	0	0	0	0	0	0	0	0	0	0	0	0
Mealworm_MAG_0003	1.20E-05	2.52E-05	0.000872474	0.079938724	6.59E-05	0.000127589	2.57E-05	3.51E-05	0.003399431	0.010640981	0.000308237	3.58E-05	0	0.019685712	0.006170221	6.40E-06	6.68E-06	2.81E-05	0.007900664	0.015154828	1.26E-05	1.86E-05	0	0	0	0	0	0	0	0	0	0	0	0	0	0	0	0	0	0	0	0	0	0	0	0
Mealworm_MAG_0004	1.167251302	2.558322289	7.914212375	6.388927954	2.766919165	7.155507797	2.752217851	0.304351899	4.981091984	1.231816227	0.073429427	0.615554582	0.5232577	5.155831329	1.48638232	0.490055493	0.035673468	0.060372391	8.707783619	0.820473262	1.336233079	0.25243702	0	0	0	0	0	0	0	0	0	0	0	0	0	0	0	0	0	0	0	0	0	0	0	0
Mealworm_MAG_0005	0.514453495	0.370834944	0.401930988	0.078042754	0.023818867	0.151829522	0.144390715	0.115728316	0.0201492	0.074669832	0.009205169	0.023442931	0.000237647	0.00028783	7.19E-05	0.000477043	0.036385278	0.039825377	0.0370236	0.023742649	0.009994206	0.029819238	0	0	0	0	0	0	0	0	0	0	0	0	0	0	0	0	0	0	0	0	0	0	0	0
Mealworm_MAG_0006	0.005179479	0.002226771	0.000612012	0.055972329	5.53E-05	0.0009243	0.002027907	0.005042922	0.041869691	0.019043331	0.001386129	0.000474626	0.044394608	0.112471436	0.582695797	2.08E-05	0.000235086	0.001432028	0.001659614	0.008758095	0.000687381	0.00037118	0	0	0	0	0	0	0	0	0	0	0	0	0	0	0	0	0	0	0	0	0	0	0	0
Mealworm_MAG_0007	7.117277729	3.196274801	1.472086045	2.08473396	3.512260594	3.050100241	2.290089553	6.84438847	1.55149928	4.394510415	2.588337558	1.833743376	0.298473984	0.33129987	0.001188199	0.01234538	0.666631956	1.286033482	2.163548093	2.504347261	0.148719853	2.930953569	0	0	0	0	0	0	0	0	0	0	0	0	0	0	0	0	0	0	0	0	0	0	0	0
Mealworm_MAG_0008	0.125168104	0.583992713	0.024823883	0.308214562	0.420483283	0.165836871	0.614806921	0.358165327	1.240559321	0.543301959	0.042688842	0.350586714	0.042924313	0.008551524	0.012069451	0.016942534	0.029258462	0.198375234	0.166856426	0.834628867	0.041208874	0.02762035	0	0	0	0	0	0	0	0	0	0	0	0	0	0	0	0	0	0	0	0	0	0	0	0
Mealworm_MAG_0009	2.45409443	2.863021943	2.485806295	4.389122146	0.473519699	2.805616365	1.714443208	3.443582464	0.957158968	8.053204071	16.70963331	5.274666949	0.058715439	0.009340792	0.034851125	1.553892174	5.182617093	9.772115972	10.11570609	11.6696719	2.614515148	2.855802643	0	0	0	0	0	0	0	0	0	0	0	0	0	0	0	0	0	0	0	0	0	0	0	0
Mealworm_MAG_0010	0.011138537	0.188364061	0.008382892	0.040829629	0.027793423	0.007767791	2.226197249	0.029349517	0.01244128	0.003116036	0.008781654	1.259545473	0.009436496	0.007485796	0.000258718	0.016324923	0.010850107	0.016502351	0.003650946	0.009905183	0.006828802	0.011927618	0	0	0	0	0	0	0	0	0	0	0	0	0	0	0	0	0	0	0	0	0	0	0	0
Mealworm_MAG_0011	0.001124142	0.111631632	8.53E-06	5.22E-06	1.45E-05	0.000707522	0.00213842	3.02E-05	1.28E-06	4.39E-06	4.27E-06	6.96E-06	1.80E-06	0	5.28E-05	0	7.27E-06	0.000127305	6.71E-07	0.000102807	8.84E-06	0.000164972	0	0	0	0	0	0	0	0	0	0	0	0	0	0	0	0	0	0	0	0	0	0	0	0
Mealworm_MAG_0012	0.031825933	0.331764401	0.001645023	0.008315046	0.002559446	0.003642768	0.023444437	0.023869464	0.00359199	0.00360945	0.002488625	0.004510396	0.003514373	0.001371064	0.000570205	0.003027933	0.001230533	0.019443644	0.002852291	0.00366524	0.001626615	0.005744095	0	0	0	0	0	0	0	0	0	0	0	0	0	0	0	0	0	0	0	0	0	0	0	0
Mealworm_MAG_0013	2.666895734	1.174029218	6.219327133	1.920313713	4.412248194	1.656931652	3.987298181	3.827232008	3.898199614	0.113947821	0.712544768	0.14664673	1.886531518	0.005085678	0.000385437	3.792976704	11.21261403	1.700236055	1.431565947	0.547427315	5.168594923	0.85694056	0	0	0	0	0	0	0	0	0	0	0	0	0	0	0	0	0	0	0	0	0	0	0	0
Mealworm_MAG_0014	3.244519596	3.907948571	0.228277568	1.068379324	3.712043079	0.736017593	4.849838706	0.507532951	2.124529478	5.699787592	1.39341867	5.147540716	10.40603676	2.054440517	0.000762338	4.905069616	2.526880886	8.681263405	2.734602111	1.852791546	2.513074772	3.325939583	0	0	0	0	0	0	0	0	0	0	0	0	0	0	0	0	0	0	0	0	0	0	0	0
Mealworm_MAG_0015	0.266356528	0.458243042	0.471986103	0.18484318	0.692918053	0.078264908	0.127555624	0.077198397	0.515173516	0.391924045	0.242884932	0.121583089	0.064222827	0.000968386	0.129434483	0.217996938	0.199654605	0.179269272	0.860742947	0.305372675	0.038034408	0.016253044	0	0	0	0	0	0	0	0	0	0	0	0	0	0	0	0	0	0	0	0	0	0	0	0
Mealworm_MAG_0016	2.113840437	2.115265626	0.016154289	1.938973375	1.22753792	0.60400753	1.733079123	1.745152284	1.625758534	5.377450032	1.249568571	0.556347561	0.025906661	2.169507801	15.2201504	0.453806066	0.095822755	2.445641773	0.575692344	1.713709302	0.968807088	0.099025409	0	0	0	0	0	0	0	0	0	0	0	0	0	0	0	0	0	0	0	0	0	0	0	0
Mealworm_MAG_0017	0.036623901	0.005510632	3.649335914	1.314752856	0.051805157	0.058858695	0.063117302	0.158759426	0.106993602	0.805960929	0.096050638	0.498753822	2.29E-06	2.686457431	0.052683935	0.00030573	2.748239334	0.029412303	1.101707618	0.587988676	0.083097038	0.003011035	0	0	0	0	0	0	0	0	0	0	0	0	0	0	0	0	0	0	0	0	0	0	0	0
Mealworm_MAG_0018	0.003644955	0.002771116	0.020392942	0.030035533	0.003413841	0.002756444	0.003769901	0.002737732	0.012773481	0.028428816	0.003867321	0.003357946	0.004467076	0.152220614	0.012325981	0.003823191	0.012527809	0.002848094	0.024473515	0.038585984	0.002057121	0.001870925	0	0	0	0	0	0	0	0	0	0	0	0	0	0	0	0	0	0	0	0	0	0	0	0
Mealworm_MAG_0019	0.04763203	2.480210342	0.109639976	1.931449181	0.023407139	0.009500593	0.153069083	0.053856176	0.008633934	0.009134567	0.004199134	0.036119197	0.01395533	0.022893382	0.000456288	0.008389602	0.31470822	0.012014067	0.009610552	0.570278463	0.004946434	0.007708683	0	0	0	0	0	0	0	0	0	0	0	0	0	0	0	0	0	0	0	0	0	0	0	0
Mealworm_MAG_0020	0.058897697	0.033673366	0.022319653	0.040221627	0.340102934	0.086935735	0.083401291	0.191333431	0.044807772	0.196278083	0.852057669	0.074484109	0.004202527	0.002145896	0.000679127	0.001847565	0.010605767	0.075915843	0.144260773	0.049557139	0.068012252	0.166611552	0	0	0	0	0	0	0	0	0	0	0	0	0	0	0	0	0	0	0	0	0	0	0	0
Mealworm_MAG_0021	0.259528625	1.442027336	0.064695928	0.194796007	0.287529209	0.331914943	0.580143642	0.311451937	0.072923713	0.123758787	0.300719439	0.154737449	0.055877288	0.012747987	0.002359973	0.428692251	0.318807473	1.849496628	0.042615171	0.062296375	0.402696185	0.243536174	0	0	0	0	0	0	0	0	0	0	0	0	0	0	0	0	0	0	0	0	0	0	0	0
Mealworm_MAG_0022	0.135414663	0.069711121	0.002440817	0.010123792	0.000143013	0.001307109	0.061739516	0.092760861	0.01441805	0.023816528	0.005284792	0.002139943	2.91E-05	0.001743098	0.362222895	0.012588071	0.000625475	0.00021488	0.005299237	0.002673311	0.002553639	0.000113749	0	0	0	0	0	0	0	0	0	0	0	0	0	0	0	0	0	0	0	0	0	0	0	0
Mealworm_MAG_0023	4.77E-05	0.000129546	0.010083926	0.027571871	0.001215031	0.000520811	0.000138424	0.000190949	0.008496056	0.024112763	0.002466222	0.000703291	0	0.702937557	0.013117841	2.53E-05	0.006736744	0.000145558	0.041326819	0.041531345	5.18E-05	9.98E-05	0	0	0	0	0	0	0	0	0	0	0	0	0	0	0	0	0	0	0	0	0	0	0	0
Mealworm_MAG_0024	0.050665392	0.10990789	8.27E-05	8.13E-05	4.45E-05	2.91E-05	0.123635768	0.097313512	1.53E-05	5.01E-05	0.000108159	0.000130066	1.59E-05	1.14E-05	5.30E-05	8.94E-06	1.89E-05	0.00077191	3.55E-05	0.000145709	1.78E-05	1.85E-05	0	0	0	0	0	0	0	0	0	0	0	0	0	0	0	0	0	0	0	0	0	0	0	0
Mealworm_MAG_0025	1.27E-06	0.000106752	0	0	1.50E-06	2.12E-06	0.001364032	0.001722208	6.17E-07	6.36E-06	0.001254984	0.00072029	8.68E-07	4.08E-07	0	0	0.000128406	0.114515829	1.95E-06	2.10E-06	0.000881938	0.000234441	0	0	0	0	0	0	0	0	0	0	0	0	0	0	0	0	0	0	0	0	0	0	0	0
Mealworm_MAG_0026	4.000634527	1.098981553	5.980620598	2.604389841	4.505892359	2.076300242	3.134125375	3.012793059	2.301737557	1.056261403	1.707735684	1.52394768	5.763028481	4.497341007	0.101918796	17.53250682	3.2830949	1.779716993	1.297669412	1.074174336	2.773362474	4.35938905	0	0	0	0	0	0	0	0	0	0	0	0	0	0	0	0	0	0	0	0	0	0	0	0
Mealworm_MAG_0027	0.35634645	0.406062106	0.079226854	0.375153551	0.437564556	0.499262375	0.56130155	1.150075855	0.425843037	0.707822791	0.850356008	0.249029534	0.391677976	0.754041869	0.188066896	0.386394658	0.099359756	0.136763375	0.332133578	0.181565209	0.199177814	0.169716711	0	0	0	0	0	0	0	0	0	0	0	0	0	0	0	0	0	0	0	0	0	0	0	0
Mealworm_MAG_0028	0.023271709	0.120471736	0.081105758	0.140150364	0.245436863	0.121511208	0.051138697	0.037107933	0.00607398	0.029277025	0.104792294	0.002040234	0.00234413	0.001134266	8.94E-05	0.001236944	0.038209753	0.037830661	0.001339161	0.002720014	0.001616975	0.000859682	0	0	0	0	0	0	0	0	0	0	0	0	0	0	0	0	0	0	0	0	0	0	0	0
Mealworm_MAG_0029	0.002383107	0.002357341	0.001388501	0.013207229	0.001098783	0.0008246	0.135956354	0.023975429	0.000979182	0.001402618	0.001615815	0.002940124	0.000917498	0.000587796	0.0002753	0.000520665	0.002967882	0.004241378	0.002111055	0.001122254	0.000762819	0.000367166	0	0	0	0	0	0	0	0	0	0	0	0	0	0	0	0	0	0	0	0	0	0	0	0
Mealworm_MAG_0030	0.095695869	0.079992744	0.019519224	0.023828524	6.99E-05	3.40E-05	0.094276257	0.055308158	0.003474032	0.008880674	0.003627311	0.037677786	1.29E-06	6.08E-07	3.30E-05	2.36E-06	0.001336246	0.082957188	0.002087785	0.035906995	0.002149179	0.000840184	0	0	0	0	0	0	0	0	0	0	0	0	0	0	0	0	0	0	0	0	0	0	0	0
Mealworm_MAG_0031	3.011336625	13.43537849	5.75506048	17.28227166	12.43684269	28.94069986	1.056826226	9.605769297	17.3018896	2.430328228	43.81177299	56.39298198	0.063664143	0.157774561	32.57527082	0.194262096	5.485060847	8.068698109	9.713872706	43.82905679	57.12009756	62.02616849	0	0	0	0	0	0	0	0	0	0	0	0	0	0	0	0	0	0	0	0	0	0	0	0
Mealworm_MAG_0032	0.280168133	0.642798007	0.026487445	3.853161054	0.7954947	0.145086186	2.015646107	3.877428083	8.311788036	7.539725561	0.63768962	0.116818789	0.002892012	0.001475011	0.084446241	0.000277633	0.062699602	1.612527537	2.336096791	3.824687272	0.174718435	0.132065241	0	0	0	0	0	0	0	0	0	0	0	0	0	0	0	0	0	0	0	0	0	0	0	0
Mealworm_MAG_0033	0.512335748	0.268962253	0.382901871	0.378436103	0.309183253	0.188083448	0.504648625	0.288994586	0.085578049	0.363320517	0.257356044	0.075364803	1.133836989	1.498662223	0.000260499	0.043588222	0.785283603	0.382726482	0.539930263	0.204813526	0.400812468	0.471809648	0	0	0	0	0	0	0	0	0	0	0	0	0	0	0	0	0	0	0	0	0	0	0	0
Mealworm_MAG_0034	0.101819846	0.06230387	0.168085316	0.237294552	0.000617791	0.134675505	0.027358793	0.762856681	0.105753113	0.197302453	0.377563236	0.00885454	0.283271143	2.361360713	0.155404166	3.77E-06	0.028741865	0.005436402	0.340844195	0.041170964	1.13E-05	1.79E-05	0	0	0	0	0	0	0	0	0	0	0	0	0	0	0	0	0	0	0	0	0	0	0	0
Mealworm_MAG_0035	0.013239614	0.015201424	0.057154763	0.458050476	0.114983028	0.067358171	0.010316693	0.018372217	0.238798815	0.458219109	0.094699778	0.032841286	0.000565555	0.277730926	1.923504342	0.002415106	0.017643366	0.025728177	0.278189927	0.517504666	0.019327129	0.042414754	0	0	0	0	0	0	0	0	0	0	0	0	0	0	0	0	0	0	0	0	0	0	0	0
Mealworm_MAG_0036	2.909126008	0.457165754	0.362237943	0.794002175	1.579349184	1.082343823	0.193335845	0.184605331	0.694562905	0.592023894	1.509956378	1.367507038	1.919395717	1.27032112	0.030502797	0.909846108	2.795840533	0.377560729	1.025781928	1.148746535	1.024494991	0.297841201	0	0	0	0	0	0	0	0	0	0	0	0	0	0	0	0	0	0	0	0	0	0	0	0
Mealworm_MAG_0037	0.095734635	0.169378513	0.026844178	0.446528144	1.672022589	0.389541268	0.718339773	0.796440346	0.246917425	0.074245616	0.174840634	0.167061131	1.089536854	0.010235711	0.00011248	0.430130039	0.352685707	0.692253326	0.16452092	0.479773691	1.253658212	0.130801377	0	0	0	0	0	0	0	0	0	0	0	0	0	0	0	0	0	0	0	0	0	0	0	0
Mealworm_MAG_0038	0.305825031	0.337624823	0.00200847	0.00356183	0.003881515	0.003029176	0.019377374	0.02135092	0.002102874	0.004005554	0.005600429	0.002663852	0.002370048	0.002305742	0.003218515	0.001380767	0.005244232	0.005677699	0.002938242	0.00319793	0.001981034	0.000964786	0	0	0	0	0	0	0	0	0	0	0	0	0	0	0	0	0	0	0	0	0	0	0	0
Mealworm_MAG_0039	0.064000228	0.038008047	0.005517111	0.022463523	0.000425808	0.004651521	0.017162068	0.062802949	0.030673592	0.051103859	0.010952867	0.004311379	4.68E-05	0.003612417	1.431319665	0.025726999	0.001491814	0.000512413	0.012923561	0.006061069	0.00482264	0.00014475	0	0	0	0	0	0	0	0	0	0	0	0	0	0	0	0	0	0	0	0	0	0	0	0
Mealworm_MAG_0040	0.06960412	0.113219274	0.030154948	0.120767507	0.038849277	0.015777828	0.040008734	0.153067966	0.035450632	0.17909206	0.015097602	0.000982694	0.001135217	0.001144176	0.000205431	0.000325632	0.165422912	0.015361518	0.002454316	0.006676121	0.000642453	0.000667034	0	0	0	0	0	0	0	0	0	0	0	0	0	0	0	0	0	0	0	0	0	0	0	0
Mealworm_MAG_0041	0.000950859	0.000190548	0.177696424	0.115740052	0.001368061	0.013897436	0.001709449	0.003781477	0.021321954	0.04510999	0.279994564	0.011014497	7.29E-07	0.244415915	0.022277291	6.32E-06	0.027112107	0.000310156	0.054013144	0.060924195	0.002451959	0.000489927	0	0	0	0	0	0	0	0	0	0	0	0	0	0	0	0	0	0	0	0	0	0	0	0
Mealworm_MAG_0042	0.04130551	0.044750482	0.004286144	0.013078766	0.174522819	0.295218241	0.044359326	0.021176159	0.020298907	0.105420336	1.050076278	0.555177431	0.001632268	0.000736655	0.000152874	0.007921068	0.13879741	0.016215468	0.109376045	0.074045112	0.335185758	0.469335482	0	0	0	0	0	0	0	0	0	0	0	0	0	0	0	0	0	0	0	0	0	0	0	0
Mealworm_MAG_0043	0.448268695	0.210048027	0.506071246	0.247246296	0.129501348	0.223581795	0.261556663	0.289731321	0.088462046	0.251895799	0.082562425	0.08012641	0.267279862	0.200693033	0.000189359	0.10236629	1.150633689	0.12722384	0.478262217	0.282543323	0.254122495	0.154258865	0	0	0	0	0	0	0	0	0	0	0	0	0	0	0	0	0	0	0	0	0	0	0	0
Mealworm_MAG_0044	0.188170648	0.39435299	0.014701943	0.286956849	0.111604636	0.19477821	0.575706371	0.196664833	0.332893248	0.029347255	0.001316179	0.34640544	0.004697902	0.000738188	4.15E-05	0.002171763	0.002165522	0.03008742	0.028414061	0.116562096	0.021026049	0.012770179	0	0	0	0	0	0	0	0	0	0	0	0	0	0	0	0	0	0	0	0	0	0	0	0
Mealworm_MAG_0045	0.585812373	0.475751469	0.464738437	0.2568633	0.220824619	0.190825703	0.347793512	0.618292934	0.062971605	0.801760257	0.222998034	0.096245336	0.960343057	0.317877996	0.0005498	0.004611876	0.395449469	0.481201949	0.239113932	0.166501953	0.062752583	0.322719022	0	0	0	0	0	0	0	0	0	0	0	0	0	0	0	0	0	0	0	0	0	0	0	0
Mealworm_MAG_0046	1.033095263	0.011627225	0	3.41E-07	0	0	5.28E-05	2.03E-06	0	0	3.84E-07	0	0	0	2.53E-06	5.89E-07	2.32E-06	3.25E-06	0	3.91E-07	0	2.90E-06	0	0	0	0	0	0	0	0	0	0	0	0	0	0	0	0	0	0	0	0	0	0	0	0
Mealworm_MAG_0047	0.005422404	0.002807177	0.046276283	0.341519519	0.021337883	0.015362379	0.006920573	0.003272188	0.139434535	0.295948689	0.080442875	0.024707788	0.000954125	0.01873395	7.112706771	0.003020423	0.001629369	0.003761261	0.224369192	0.293786912	0.009246507	0.0178504	0	0	0	0	0	0	0	0	0	0	0	0	0	0	0	0	0	0	0	0	0	0	0	0
Mealworm_MAG_0048	2.00028899	0.290620639	0.554478216	0.344282326	1.166773113	3.125571414	0.612142041	1.443552912	0.568300278	1.248499185	1.228215589	0.67677439	3.603800196	9.042231229	0.119288619	2.599751029	0.066209274	0.10132969	0.56730104	0.102700243	0.102748826	0.139873608	0	0	0	0	0	0	0	0	0	0	0	0	0	0	0	0	0	0	0	0	0	0	0	0
Mealworm_MAG_0049	0.100914454	0.579476145	0.014578983	0.060096433	0.069661224	0.137513582	0.35892528	0.1877665	0.028369897	0.158661801	0.111783807	0.107174528	0.017378892	0.034164729	0.001512609	0.319744378	1.205808786	0.620611541	0.143794456	0.067233324	0.100050276	0.109895951	0	0	0	0	0	0	0	0	0	0	0	0	0	0	0	0	0	0	0	0	0	0	0	0
Mealworm_MAG_0050	1.766178293	3.418655184	0.002421059	0.752726612	0.001135584	0.000534864	4.331371143	9.004711487	0.532837828	0.933226623	0.002074589	0.00132302	0.01388564	0.02150309	0.017730628	0.001190148	0.329724367	5.939918493	0.06586347	1.704470597	0.001012022	0.000900314	0	0	0	0	0	0	0	0	0	0	0	0	0	0	0	0	0	0	0	0	0	0	0	0
Mealworm_MAG_0051	3.201583612	2.14519214	0.502715668	0.159276328	0.155750808	1.440367958	0.670941457	0.410387129	0.168006172	0.852327225	0.199801633	0.292860259	3.56504528	0.028670334	0.000415888	0.060242568	0.913864001	0.459899578	0.492921825	0.100176195	0.123478406	1.309239833	0	0	0	0	0	0	0	0	0	0	0	0	0	0	0	0	0	0	0	0	0	0	0	0
Mealworm_MAG_0052	0.000473947	0.000716033	3.62E-06	1.82E-05	1.38E-05	0.000311938	1.89E-05	5.22E-05	0.000163612	0.856294832	5.79E-05	1.06E-05	4.06E-05	5.38E-07	3.922794198	3.66E-06	8.75E-06	2.16E-06	0.020187321	0.030243368	1.50E-05	0.000116441	0	0	0	0	0	0	0	0	0	0	0	0	0	0	0	0	0	0	0	0	0	0	0	0
Mealworm_MAG_0053	0.000169985	0.000182177	0.007713471	0.184196796	0.000447524	0.000490874	9.69E-05	0.000216829	0.0251261	0.054278521	0.00133314	0.000341946	2.62E-06	0.766017705	0.053908092	5.77E-05	0.000185106	0.000206024	0.055672686	0.064554668	7.63E-05	0.000116216	0	0	0	0	0	0	0	0	0	0	0	0	0	0	0	0	0	0	0	0	0	0	0	0
Superworm_MAG_0001	0	0	0	0	0	0	0	0	0	0	0	0	0	0	0	0	0	0	0	0	0	0	0.033707787	0.021347421	0.325558502	0.247618164	0.009906187	0.005711357	0.009364847	0.004996092	0.009764132	0.067317611	0.005710617	0.008738736	0.006702404	0.009312398	0.002651876	0.016742797	5.87E-05	0.001473522	0.013026224	0.004895568	0.021619634	0.004822651	0.022580047	0.003514006
Superworm_MAG_0002	0	0	0	0	0	0	0	0	0	0	0	0	0	0	0	0	0	0	0	0	0	0	0.235072787	0.074558798	0.300426858	0.080383131	0.401402603	0.195805411	0.178490109	0.03731741	0.219359069	0.129085151	0.148505268	0.162775523	0.126773333	0.049285628	0.078072878	0.481345112	0.101007209	0.15737931	0.023939637	0.024436873	0.024831017	0.365801737	0.167906779	0.196008607
Superworm_MAG_0003	0	0	0	0	0	0	0	0	0	0	0	0	0	0	0	0	0	0	0	0	0	0	0.030508254	0.087807151	0.010978939	0.003401743	0.010039684	0.01388935	0.037281854	0.225903029	0.031393713	0.168695941	0.002325502	0.004998607	0.007803725	0.003684047	0.002593201	0.001757063	0.000572261	0.002288193	0.070291867	0.051477234	0.011827343	0.004701674	0.001570061	0.000951445
Superworm_MAG_0004	0	0	0	0	0	0	0	0	0	0	0	0	0	0	0	0	0	0	0	0	0	0	0.137467993	0.100356712	0.250447615	0.031064115	0.116801202	0.30063237	0.554606713	0.08774204	0.361616274	0.141286082	0.042428598	0.159118763	0.052038472	0.309173435	0.863772511	0.487876236	0.076524541	0.614044107	0.147882621	0.325122164	0.280999939	0.409810394	0.365659475	0.100777933
Superworm_MAG_0005	0	0	0	0	0	0	0	0	0	0	0	0	0	0	0	0	0	0	0	0	0	0	0.005049276	0.006048963	0.617003811	7.228269593	0.027464932	0.022905874	0.010109241	0.00937698	0.028214644	0.7270133	0.034667669	0.032040348	0.007450924	0.022715235	0.025809033	1.880686844	0.001210246	0.063232362	0.049341604	0.029485905	0.161057359	0.084439948	0.12734641	0.193702095
Superworm_MAG_0006	0	0	0	0	0	0	0	0	0	0	0	0	0	0	0	0	0	0	0	0	0	0	0.01237004	0.005970319	0.041137218	0.167730662	0.403175708	0.053678249	0.015616647	0.009629543	0.120323054	0.070657535	0.43604195	0.185390872	0.009768718	0.006551753	0.063106708	0.604621667	0.003525918	0.032091731	0.043656092	0.031352682	0.357422328	0.509408429	0.617110971	0.081248754
Superworm_MAG_0007	0	0	0	0	0	0	0	0	0	0	0	0	0	0	0	0	0	0	0	0	0	0	32.893349	34.86171436	9.847393064	3.355563153	15.42930512	27.59653214	15.19472712	37.41283384	6.216886396	9.774085549	13.71930261	9.27343961	12.21015448	13.77545209	29.91273279	1.470379623	26.33591846	12.86674584	9.812994457	17.01375748	7.104523092	1.04217517	4.455780267	9.72351211
Superworm_MAG_0008	0	0	0	0	0	0	0	0	0	0	0	0	0	0	0	0	0	0	0	0	0	0	0.030158829	0.029975215	0.015165469	0.020596073	0.018519724	0.007742752	0.145637052	0.021497255	0.037057301	0.028285971	0.003102294	0.005405596	0.086014213	0.05406862	0.222729104	0.011607238	0.009312162	0.025946101	0.233046688	0.048247278	0.037241004	0.108099242	0.010645598	0.003931362
Superworm_MAG_0009	0	0	0	0	0	0	0	0	0	0	0	0	0	0	0	0	0	0	0	0	0	0	0.618882147	0.413725422	0.315850228	0.239009189	0.800090558	0.27384247	1.072581491	1.136483488	0.689454285	1.176317897	0.282679956	0.197097432	0.176218861	0.63732387	0.069537476	0.587470586	0.024104182	0.146086226	0.204203697	0.216912058	0.226082318	0.325600475	0.131004541	0.060563351
Superworm_MAG_0010	0	0	0	0	0	0	0	0	0	0	0	0	0	0	0	0	0	0	0	0	0	0	0.020454105	0.016535343	0.332405783	0.196159225	0.270832591	0.060050508	0.019562876	0.016252568	4.448439804	1.925435879	0.156622441	0.23663943	0.055921396	2.664133027	0.268520544	0.644061719	0.01665777	0.263818447	0.091939437	0.118520689	0.208713749	0.267584636	0.19381052	0.539359595
Superworm_MAG_0011	0	0	0	0	0	0	0	0	0	0	0	0	0	0	0	0	0	0	0	0	0	0	0.020013012	0.007832492	0.009450779	0.000935707	0.000788375	0.001009816	0.012877867	0.052319457	0.0044788	0.021580133	0.001344885	0.008634798	5.25E-05	0.000190713	3.85E-06	1.29E-06	0.00030987	0.000281274	0.113801124	0.072270056	0.004655913	0.000498935	0.000118604	0.007926208
Superworm_MAG_0012	0	0	0	0	0	0	0	0	0	0	0	0	0	0	0	0	0	0	0	0	0	0	0.239332836	0.115507291	0.051208192	0.059258529	0.161795169	0.046943477	0.285394277	0.126907536	0.041297798	0.053654826	0.043648192	0.054500848	0.460270689	0.131611777	0.099697728	0.03840143	0.132704556	0.353647385	0.036430884	0.273218201	0.01337437	0.08363916	0.104318069	0.139323294
Superworm_MAG_0013	0	0	0	0	0	0	0	0	0	0	0	0	0	0	0	0	0	0	0	0	0	0	0.000820499	0.000612296	0.017586818	0.000682034	0.000222352	0.000409836	0.004042269	0.006150444	0.000189011	0.00447278	6.88E-05	0.000325814	2.14E-05	0.164688532	3.79E-05	3.94E-06	7.52E-06	1.63E-05	0.000191784	0.000135879	0.000593092	0.000683326	8.09E-05	0.000580026
Superworm_MAG_0014	0	0	0	0	0	0	0	0	0	0	0	0	0	0	0	0	0	0	0	0	0	0	0.197033129	0.676712029	0.174369541	0.041056025	0.042250719	0.024509408	0.469582781	0.407570683	0.180924305	0.542140225	0.326088856	0.091886735	0.088562174	0.101324251	0.960129791	0.529550603	0.05952732	0.139833006	0.206127346	0.241040957	0.341018085	0.149955087	0.163787233	0.055045869
Superworm_MAG_0015	0	0	0	0	0	0	0	0	0	0	0	0	0	0	0	0	0	0	0	0	0	0	0.000520817	6.72E-05	0.000126119	7.35E-05	0.012069324	0.16497185	4.76E-05	2.77E-05	3.77E-05	0.000111157	0.006866467	0.118797944	4.55E-05	0.000192439	2.01E-05	3.04E-05	0.000101438	5.67E-05	0.000186799	7.68E-05	3.97E-05	1.88E-05	8.47E-06	3.41E-05
Superworm_MAG_0016	0	0	0	0	0	0	0	0	0	0	0	0	0	0	0	0	0	0	0	0	0	0	0.130705237	0.06515827	0.071186707	0.113319904	0.08332501	0.073976992	0.040348322	0.04239911	0.192427139	0.088086924	0.101795666	0.253525829	0.043697621	0.010819028	0.004083003	0.000200377	0.02889805	0.027277603	0.026928189	0.017793461	0.003656797	0.00173453	0.166454394	0.018935174
Superworm_MAG_0017	0	0	0	0	0	0	0	0	0	0	0	0	0	0	0	0	0	0	0	0	0	0	0.359834893	0.052282274	0.117490488	0.130155467	0.045274335	0.070518325	0.067255827	0.130280369	0.036098504	0.040304765	0.086469962	0.115794986	0.099798281	0.030740389	0.06248704	0.007202933	0.024926165	0.128192265	0.116031433	0.099817308	0.03272183	0.005226281	0.178843632	0.106309611
Superworm_MAG_0018	0	0	0	0	0	0	0	0	0	0	0	0	0	0	0	0	0	0	0	0	0	0	0.233864978	0.369935882	0.19099661	0.06242934	0.305850311	0.133394355	0.163918549	0.587939576	0.231781277	0.533028248	0.008115281	0.032844624	0.032041636	0.068581593	0.000254337	3.03E-05	0.002318708	0.002976838	0.023832887	0.038994207	0.128410758	0.015496322	0.020193735	0.002733237
Superworm_MAG_0019	0	0	0	0	0	0	0	0	0	0	0	0	0	0	0	0	0	0	0	0	0	0	0.688175362	1.35460337	0.457529248	0.213884051	0.12053621	0.044439478	0.201418747	1.931676363	0.480454412	0.571498944	0.019235814	0.056969364	0.030371975	0.335764265	0.007125904	0.005671255	0.027068276	0.011668306	0.273737289	0.576552243	0.572743453	0.066623785	0.0591176	0.022535658
Superworm_MAG_0020	0	0	0	0	0	0	0	0	0	0	0	0	0	0	0	0	0	0	0	0	0	0	0.824085032	0.513581679	0.157099496	0.094002445	0.145796165	0.099363389	1.591518413	0.884176262	0.218383859	0.322519077	0.032815116	0.062079432	0.176175791	0.342307591	0.075730326	0.097216706	0.092156167	0.101910385	0.512742948	0.433167375	0.415123953	0.092898353	0.123527135	0.022271285
Superworm_MAG_0021	0	0	0	0	0	0	0	0	0	0	0	0	0	0	0	0	0	0	0	0	0	0	0.06308113	0.024815564	0.025651986	0.006781668	0.012764041	0.011539668	0.018221358	0.02408578	0.010405397	1.679356375	0.003669133	0.004105275	0.004600359	0.00382156	0.007614679	0.001485065	0.001881307	0.011315002	0.005308495	0.002682393	0.004700038	0.049325511	0.002706161	0.003770269
Superworm_MAG_0022	0	0	0	0	0	0	0	0	0	0	0	0	0	0	0	0	0	0	0	0	0	0	0.015291849	0.017714777	0.179205262	0.108326663	0.057168252	0.041191181	0.014855769	0.020057527	0.009478462	0.032235153	0.04632151	0.041288987	0.000678018	0.00050922	0.005156227	0.019516736	0.00012748	0.018373359	0.144577626	0.005606565	0.310628128	0.258458891	0.032694813	0.005070754
Superworm_MAG_0023	0	0	0	0	0	0	0	0	0	0	0	0	0	0	0	0	0	0	0	0	0	0	0.000125745	0.000125259	0.009994782	0.006820024	0.000348206	0.030635321	0.000325211	9.90E-05	0.004987356	0.002686819	0.464149885	0.176752835	0.000126732	0.000310464	0.000164404	0.000461166	0.006398381	1.431092584	0.000328728	0.000212718	0.001653931	0.000899648	0.002444126	0.000921003
Superworm_MAG_0024	0	0	0	0	0	0	0	0	0	0	0	0	0	0	0	0	0	0	0	0	0	0	0.977729807	0.751021692	0.236188084	0.280512798	0.313598723	0.221871536	0.168984022	0.358086722	0.060730174	0.146067262	0.354684086	0.343147665	0.155386473	0.17471866	0.674253769	0.005106331	0.34574592	0.185880697	0.281499646	0.739469288	0.115743338	0.011018288	0.245402057	0.205880739
Superworm_MAG_0025	0	0	0	0	0	0	0	0	0	0	0	0	0	0	0	0	0	0	0	0	0	0	0.266734028	0.07750275	1.524304231	0.073872315	0.028666529	0.126934377	0.215808763	0.14030394	0.05548123	0.039237918	0.089283289	0.260008951	0.0364005	0.278052449	0.018194635	0.875791013	0.014445878	0.123838293	0.048348921	0.032285597	0.633045119	1.194476937	0.237580998	0.509023856
Superworm_MAG_0026	0	0	0	0	0	0	0	0	0	0	0	0	0	0	0	0	0	0	0	0	0	0	0.030388802	0.008219422	0.325649325	0.270541557	1.828700689	0.203305196	0.492956473	0.551006614	0.766728646	0.528734027	2.74728315	0.620590662	0.011229106	0.024544248	0.357193789	2.563601929	0.004236465	0.028366747	2.765128914	0.041846055	0.09612248	2.199771224	0.022528334	0.041210437
Superworm_MAG_0027	0	0	0	0	0	0	0	0	0	0	0	0	0	0	0	0	0	0	0	0	0	0	0.13862158	0.100231479	0.035159834	0.047810489	0.590792635	0.0960043	0.02828228	0.037848966	0.001378739	0.092272767	0.032857603	0.04582689	0.00435626	0.278535571	0.030890439	0.001002923	0.013965862	0.059205275	0.116213789	0.091740925	0.110083429	0.076040621	0.542524508	0.716003404
Superworm_MAG_0028	0	0	0	0	0	0	0	0	0	0	0	0	0	0	0	0	0	0	0	0	0	0	0.004080574	0.201528338	0.002133347	0.077312949	0.030460193	0.054230877	0.290402058	0.070809935	0.004750535	0.009795065	0.277189778	0.002063937	0.0007279	0.200076138	0.333598995	0.002951822	0.000178925	0.000167804	0.013376558	0.007172048	0.113544705	0.005128499	1.045034015	0.301667323
Superworm_MAG_0029	0	0	0	0	0	0	0	0	0	0	0	0	0	0	0	0	0	0	0	0	0	0	2.25E-05	0.000159296	0.088045411	0.808207113	5.10E-06	5.17E-06	1.49E-05	9.75E-06	5.96E-06	0.07622094	0.000158824	5.64E-06	0.000261595	4.10E-05	7.67E-06	5.86E-06	0	5.66E-06	2.49E-05	9.78E-06	0.043506	1.977618621	1.11E-05	2.56E-06
Superworm_MAG_0030	0	0	0	0	0	0	0	0	0	0	0	0	0	0	0	0	0	0	0	0	0	0	0.008239339	0.100511203	0.000665766	0.000858213	0.000330037	0.000124137	0.295265362	0.053502461	0.00355741	0.002111977	3.53E-05	0.000941106	0.038923158	0.001678294	0.000131861	0.000332605	0.000140497	0.033963391	5.61E-05	2.21E-05	0.00076866	0.005144281	4.25E-05	4.23E-06
Superworm_MAG_0031	0	0	0	0	0	0	0	0	0	0	0	0	0	0	0	0	0	0	0	0	0	0	0.158255882	0.085188986	0.094250867	0.042640361	0.035726797	0.022008684	0.49324207	0.240301232	0.190742446	0.228818648	0.013438356	0.014452016	0.322108715	0.046622957	0.044890749	0.014197388	0.015595424	0.025576698	0.401002834	0.189021024	0.057159793	0.037804129	0.015824127	0.012311258
Superworm_MAG_0032	0	0	0	0	0	0	0	0	0	0	0	0	0	0	0	0	0	0	0	0	0	0	0.227335759	0.047090417	0.171839871	0.142024548	0.068031696	0.036742958	0.062029326	0.125956519	0.018204396	0.034625942	0.03216887	0.050470991	0.029568941	0.120314945	0.114273026	0.1276813	0.059917879	0.041183226	0.11619353	0.147850989	0.094076969	0.040135154	0.096339458	0.026230717
Superworm_MAG_0033	0	0	0	0	0	0	0	0	0	0	0	0	0	0	0	0	0	0	0	0	0	0	0.004540213	0.036357094	0.173112965	0.196392241	0.019884812	0.006155703	4.638617928	0.494703392	0.26562642	0.672502841	0.011124474	0.008092799	0.155884853	0.049211669	0.138521353	0.010879493	0.049811852	0.954631924	0.09409392	0.000151398	0.011936379	0.011153228	0.008947047	0.053546336
Superworm_MAG_0034	0	0	0	0	0	0	0	0	0	0	0	0	0	0	0	0	0	0	0	0	0	0	0.169631485	0.040204399	0.0995706	0.033696711	0.13750704	0.054497548	0.145264349	0.135010938	0.132333077	0.215768949	0.026599505	0.03456198	0.260842798	0.075277237	0.234500452	0.096176243	0.031154356	0.050546061	0.061985868	0.051435635	0.099525958	0.137836153	0.019770293	0.015812896
Superworm_MAG_0035	0	0	0	0	0	0	0	0	0	0	0	0	0	0	0	0	0	0	0	0	0	0	0.000211107	0.001465997	0.002413454	0.001359769	9.99E-05	0.000168459	0.002850119	0.000381459	0.001902393	0.001892733	8.68E-05	5.99E-05	0.00156603	5.67E-05	0.201089634	0.005229061	7.16E-05	0.001045314	0.000217581	0	0.000149094	0.001310331	4.54E-05	9.78E-05
Superworm_MAG_0036	0	0	0	0	0	0	0	0	0	0	0	0	0	0	0	0	0	0	0	0	0	0	0.024549863	0.04536825	3.877868013	0.254833702	0.990407127	0.110410234	0.115022052	0.087665079	0.376845125	0.273653061	0.215312407	0.312066513	0.082145318	0.253871143	0.36084505	0.956419904	0.021591128	0.365795603	0.115914466	0.152380555	0.321556982	0.496356407	0.314939578	0.667438467
Superworm_MAG_0037	0	0	0	0	0	0	0	0	0	0	0	0	0	0	0	0	0	0	0	0	0	0	0.772665199	0.648299765	1.184675435	0.928841493	0.395377627	0.546246353	0.302168291	0.372627987	0.945520803	0.595749743	0.696470034	0.7211089	1.119772276	0.46871429	0.961755791	0.56287217	0.471317598	0.651763519	1.444694047	2.386957715	0.48560677	0.558304	1.177020867	0.627454987
Superworm_MAG_0038	0	0	0	0	0	0	0	0	0	0	0	0	0	0	0	0	0	0	0	0	0	0	0.06308445	0.090918257	0.043640804	0.019430557	0.080032414	0.047664058	0.061706717	0.070115875	0.008544025	0.012337521	0.05307673	0.05761242	0.000377375	0.000179886	0.00125793	0.005482642	4.73E-05	0.150537616	0.013424186	0.0042287	0.021927842	0.002043189	0.053290088	0.001209458
Superworm_MAG_0039	0	0	0	0	0	0	0	0	0	0	0	0	0	0	0	0	0	0	0	0	0	0	0.909819079	1.067102888	0.978379793	0.859378327	1.029719271	0.418334669	1.141826862	1.028401321	0.135563784	0.277490738	1.104878786	0.40986149	0.039465278	0.024733962	0.211600667	1.405035389	0.013845574	0.533964983	1.14526209	0.112291663	2.21041771	0.290711123	1.801931356	0.435761035
Superworm_MAG_0040	0	0	0	0	0	0	0	0	0	0	0	0	0	0	0	0	0	0	0	0	0	0	0.281059628	0.167372726	0.146959441	0.092862857	0.100623869	0.054507994	0.602664777	0.361100826	0.105199838	0.185430682	0.040642208	0.03731764	0.200856911	0.729109895	0.065588772	0.175066489	0.019915803	0.065044287	0.668423373	2.226939839	0.232038704	0.052049216	0.085429195	0.031438665
Superworm_MAG_0041	0	0	0	0	0	0	0	0	0	0	0	0	0	0	0	0	0	0	0	0	0	0	0.073191327	0.077170829	0.062380174	0.021506227	0.036160337	0.053997798	0.189935781	0.097058463	0.002844617	0.005157012	0.040291797	0.016274578	0.000934423	0.000490686	0.001780618	0.00291651	0.000150094	0.020054475	0.177291806	0.006438805	0.004920272	0.007072111	0.020393199	0.001015314
Superworm_MAG_0042	0	0	0	0	0	0	0	0	0	0	0	0	0	0	0	0	0	0	0	0	0	0	0.013022567	0.05483135	0.019832866	0.033428481	0.026402394	0.01750352	0.539696157	0.007695575	0.0136754	0.012620234	0.012525509	0.020577874	0.006038081	0.027535997	0.010946919	0.01819603	0.008157797	0.019094272	0.039649727	0.031318149	0.040645708	0.026634144	0.242243605	0.038099398
Superworm_MAG_0043	0	0	0	0	0	0	0	0	0	0	0	0	0	0	0	0	0	0	0	0	0	0	0.004682145	0.081130644	0.018779308	0.06127563	0.027276492	0.054994718	0.035216402	0.137317414	0.03016858	0.188371514	0.007561407	0.048372771	0.003355725	0.010639586	0.003456378	0.009070014	0.001117231	0.003796667	0.006377127	0.012475288	0.083818092	0.130362401	0.008699794	0.007060805
Superworm_MAG_0044	0	0	0	0	0	0	0	0	0	0	0	0	0	0	0	0	0	0	0	0	0	0	1.58E-05	2.05E-05	0.000817388	0.000495478	2.40E-06	0	8.49E-05	2.40E-05	1.47E-05	7.48E-06	2.30E-05	1.15E-06	0.111021145	0.046399921	0.000123752	3.22E-05	0.001584983	7.34E-05	2.23E-05	3.26E-05	2.55E-06	4.97E-06	0	1.74E-06
Superworm_MAG_0045	0	0	0	0	0	0	0	0	0	0	0	0	0	0	0	0	0	0	0	0	0	0	0.10589028	0.007211696	0.158489381	0.064624823	0.072127645	0.015156595	0.002954427	0.001910073	0.00262209	0.011916713	0.02359383	0.021690701	0.002111073	0.002198448	0.001161995	0.001365142	0.000129116	0.013857127	0.025152678	0.007875042	0.003025427	0.00084891	0.00235384	0.008294108
Superworm_MAG_0046	0	0	0	0	0	0	0	0	0	0	0	0	0	0	0	0	0	0	0	0	0	0	0.157764265	0.095461477	0.080130922	0.050096754	0.079149316	0.060716467	0.230778452	0.183502433	0.080920553	0.086289636	0.043071652	0.028654665	0.112337614	0.114321648	0.038087758	0.096663774	0.01003271	0.044265194	1.481046327	0.105993875	0.131069183	0.057018737	0.09570188	0.026713475
Superworm_MAG_0047	0	0	0	0	0	0	0	0	0	0	0	0	0	0	0	0	0	0	0	0	0	0	0.605736894	0.259286777	0.099936124	0.645202919	0.209749881	0.172763749	0.126762875	0.1047228	0.119264703	0.243380438	0.037688625	0.043847397	0.123093461	0.402315317	0.388476345	0.30654733	0.014894087	0.213735699	0.664631895	0.481743048	0.19715407	0.120118457	0.909214859	0.129004557
Superworm_MAG_0048	0	0	0	0	0	0	0	0	0	0	0	0	0	0	0	0	0	0	0	0	0	0	1.36E-05	4.94E-05	0.246858938	0.003303409	2.29E-06	4.19E-06	0.003152869	0.354003368	4.96E-06	0.000198157	0.00012607	1.89E-05	4.43E-05	0	1.76E-05	0	0	0	2.08E-05	2.07E-05	4.08E-05	5.59E-05	5.20E-07	0
Superworm_MAG_0049	0	0	0	0	0	0	0	0	0	0	0	0	0	0	0	0	0	0	0	0	0	0	3.074416574	1.095727933	0.480286102	0.264087245	0.409824446	0.17999204	2.754178299	2.406380028	0.580510325	1.080868722	0.138097577	0.1403772	8.278132944	1.637676414	0.872478953	0.207878576	0.186959043	0.337692517	0.882629406	0.428236482	0.696498807	0.528687821	0.141033053	0.086013124
Superworm_MAG_0050	0	0	0	0	0	0	0	0	0	0	0	0	0	0	0	0	0	0	0	0	0	0	0.089937105	0.064181505	0.061644598	0.0662839	0.051870086	0.03886671	0.09102089	0.035303387	0.207906384	0.044526582	0.121926043	0.109476337	0.04092713	0.117776636	0.088653256	0.030327939	0.009740002	0.078530604	0.073752807	0.090601763	0.014973589	0.047318113	0.100418711	0.023777754
Superworm_MAG_0051	0	0	0	0	0	0	0	0	0	0	0	0	0	0	0	0	0	0	0	0	0	0	0.202191204	0.341488912	0.198358352	2.686913774	0.432951224	0.561814881	0.139692668	0.198237871	0.150284037	0.544243274	0.34927117	0.661037197	0.399032563	0.755377025	1.514400429	2.234372884	0.060919032	1.019040848	0.743459903	0.711556867	0.994992316	2.689879539	0.673842842	0.325444555
Superworm_MAG_0052	0	0	0	0	0	0	0	0	0	0	0	0	0	0	0	0	0	0	0	0	0	0	0.83139511	1.121058008	2.446586871	0.358841825	0.564970097	0.227695577	2.21E-06	6.48E-06	0.038250714	0.056440466	0.036723585	0.25631881	0.001909546	3.88E-05	1.455102245	0.006160028	0.00033807	0.000341839	0.046760495	0.027144089	0.000370128	1.42E-05	0.025710535	0.001281695
Superworm_MAG_0053	0	0	0	0	0	0	0	0	0	0	0	0	0	0	0	0	0	0	0	0	0	0	0.066396019	0.088849077	1.768096383	2.832093839	0.214246918	2.507916174	0.047302537	0.067843895	2.10931399	0.503960157	0.354928507	8.36820701	0.314779368	0.074193472	0.271000324	3.732674266	0.016813628	0.703996364	0.056778216	0.014910464	2.140871955	1.95163102	4.022042634	1.158310725
Superworm_MAG_0054	0	0	0	0	0	0	0	0	0	0	0	0	0	0	0	0	0	0	0	0	0	0	0.171718029	0.042622284	1.74E-05	1.73E-05	0.114850863	0.020488238	4.42E-05	0.004199611	9.94E-05	0.00937987	0.088602239	0.08322994	2.81E-06	5.04E-06	1.05E-06	2.82E-06	0.028786609	0.006602321	4.47E-06	1.71E-06	6.02E-06	6.36E-06	0.258915836	0.000237527
Superworm_MAG_0055	0	0	0	0	0	0	0	0	0	0	0	0	0	0	0	0	0	0	0	0	0	0	0.196319831	1.545511886	0.029828545	0.030503658	0.039746577	0.011717074	1.421628814	0.266450428	0.613791987	0.371434199	0.010698933	0.011932681	1.331155418	0.033971901	0.022873318	0.117243281	0.092286941	0.171513017	0.090036846	0.025074986	0.041887201	0.069701273	0.00244109	0.001655726
Superworm_MAG_0056	0	0	0	0	0	0	0	0	0	0	0	0	0	0	0	0	0	0	0	0	0	0	0.004366501	0.050082055	0.061905665	0.029300427	3.44E-06	4.48E-06	0.001622934	0.000342326	7.89E-06	0.002777129	3.88E-05	1.10E-06	1.94E-05	3.25E-06	5.34E-06	0	1.17E-06	5.02E-06	0.007621659	0.000194275	4.48E-06	7.82E-06	4.97E-05	0.173592718
Superworm_MAG_0057	0	0	0	0	0	0	0	0	0	0	0	0	0	0	0	0	0	0	0	0	0	0	0.008337918	0.014611126	0.030018075	0.282623954	0.010646089	0.011420462	0.005459923	0.004172055	2.448126783	0.738171967	0.014363933	0.014967919	0.007485433	0.010961344	0.040158827	0.432571759	0.005421812	0.022325467	0.221955113	0.026651858	0.058436297	0.738310397	0.030318572	0.031220236
Superworm_MAG_0058	0	0	0	0	0	0	0	0	0	0	0	0	0	0	0	0	0	0	0	0	0	0	0.114511435	0.35741476	0.553027857	0.970172226	1.15527423	1.474702179	1.490554761	0.30930054	1.286274287	1.075444583	1.725794454	1.91464455	0.059164323	0.152830499	0.26370256	1.33090379	0.017808864	1.111802244	1.992746449	0.371253265	1.810326566	2.014504403	1.423086448	4.124693618
Superworm_MAG_0059	0	0	0	0	0	0	0	0	0	0	0	0	0	0	0	0	0	0	0	0	0	0	0.137732836	0.063956594	0.38039376	1.009347838	0.811225532	0.521895528	0.108072774	0.114402767	0.3927211	1.602691247	0.660973146	0.518542952	0.387739261	0.151762082	0.435497759	0.584981451	1.393840313	0.255628425	0.319824286	0.109845316	1.425722996	0.84843922	1.298926069	0.887946528
Superworm_MAG_0060	0	0	0	0	0	0	0	0	0	0	0	0	0	0	0	0	0	0	0	0	0	0	0.008740671	0.008873077	0.284074597	0.054363522	0.016034864	0.041764355	0.022050549	0.011870419	0.00093228	0.005386276	0.044783936	0.017900074	0.000118521	5.86E-05	0.013602515	0.022626103	2.72E-05	0.216786116	0.017593753	0.000596604	0.000653604	0.023208072	0.030368578	0.00330442
Superworm_MAG_0061	0	0	0	0	0	0	0	0	0	0	0	0	0	0	0	0	0	0	0	0	0	0	0.015459439	0.009427885	0.011745499	0.005223552	0.00758454	0.002836433	0.015498738	0.007915599	0.01269771	0.019262484	0.005996045	0.002375687	0.582731886	0.082654802	0.053793485	0.028695689	0.002270726	0.007817836	0.032549253	0.022268853	0.010490746	0.02536249	0.010471051	0.011628819
Superworm_MAG_0062	0	0	0	0	0	0	0	0	0	0	0	0	0	0	0	0	0	0	0	0	0	0	0.287636179	0.030848364	0.046742198	0.031830601	0.039107819	0.022481478	0.071595395	0.040409084	0.013987401	0.026054267	0.007553902	0.019410748	0.444492	0.129128867	0.114161884	0.022718003	0.047396856	0.042599427	0.074114534	0.035622529	0.017448451	0.005894865	0.052607381	0.018294638
Superworm_MAG_0063	0	0	0	0	0	0	0	0	0	0	0	0	0	0	0	0	0	0	0	0	0	0	1.007859185	0.840607992	0.326582482	0.210751676	0.946720608	0.351691675	2.43059112	2.098236069	0.524861036	0.692997223	0.242238041	0.209824514	0.156850763	0.211231495	0.046027346	0.229136917	0.026785127	0.117408172	0.441872748	0.25050634	0.371390591	0.295718863	0.217463605	0.063024085
Superworm_MAG_0064	0	0	0	0	0	0	0	0	0	0	0	0	0	0	0	0	0	0	0	0	0	0	0.032340193	0.256893635	0.000218333	0.000307125	0.000231732	8.99E-05	0.006905427	0.00654653	6.38E-05	0.000115887	0.000308731	0.00023614	0.000320312	0.000540285	8.31E-05	0.000109267	3.16E-05	5.79E-05	0.000356955	0.006544711	8.18E-05	0.000524544	0.000358023	0.000139309
Superworm_MAG_0065	0	0	0	0	0	0	0	0	0	0	0	0	0	0	0	0	0	0	0	0	0	0	0.752499843	0.315278258	0.791258956	0.281617916	0.333084919	0.286414518	0.336437436	0.104587752	0.260988756	0.25915145	0.082274865	0.231261648	0.084658705	0.130056188	0.300290063	0.088761527	0.210747222	0.102465412	0.182098943	0.733477992	0.083966149	0.084766193	0.19099471	0.285309917
Superworm_MAG_0066	0	0	0	0	0	0	0	0	0	0	0	0	0	0	0	0	0	0	0	0	0	0	0.08055435	0.019989732	0.130799643	0.006492727	0.038278986	0.198840544	0.00538327	0.016049273	0.026600217	0.14325553	0.009215341	0.265514997	4.69E-05	0.003615694	0.00012734	0.000101113	1.61E-05	0.011812458	0.002082157	0.013815082	0.018139476	0.04997061	3.92E-05	0.114454699
Superworm_MAG_0067	0	0	0	0	0	0	0	0	0	0	0	0	0	0	0	0	0	0	0	0	0	0	0.057292131	0.058493043	0.208464378	0.161408363	0.051118378	0.030627401	0.081484415	0.070953196	0.078071589	0.078246528	0.023332703	0.054949938	0.055185656	0.025708235	0.048534188	0.083418282	0.008041354	0.110761291	0.195231698	0.075839	0.423015002	0.307313314	0.271489653	0.041208806
Superworm_MAG_0068	0	0	0	0	0	0	0	0	0	0	0	0	0	0	0	0	0	0	0	0	0	0	0.978972289	0.314160569	0.070000324	0.000762498	0.036387221	0.330383273	0.141524889	0.546013554	0.007487952	0.128749932	0.002139628	0.07080006	0.000831425	0.137166317	3.39E-05	0	8.90E-06	0.039219792	0.093716463	0.381353385	0.153473288	0.187068818	0.003524325	0.551896647
Superworm_MAG_0069	0	0	0	0	0	0	0	0	0	0	0	0	0	0	0	0	0	0	0	0	0	0	0.000186323	0.000194887	0.381160902	0.444177583	0.000514761	0.000454285	0.000177635	0.000118902	3.23039256	0.406636028	0.001402038	0.001625599	0.001724172	0.003970679	0.009445063	0.534718898	7.72E-05	0.000750851	0.00044833	0.000380723	0.322537959	3.886236328	0.000697997	0.000416117
Superworm_MAG_0070	0	0	0	0	0	0	0	0	0	0	0	0	0	0	0	0	0	0	0	0	0	0	0.002339839	0.002009185	0.00547793	0.002363467	0.001448181	0.000735898	0.000736095	0.001535984	0.125275403	0.003542433	0.000544491	0.000559808	0.000760661	0.000501305	0.001226278	5.52E-05	0.000531076	0.034455894	0.000730641	0.001445423	0.000773306	0.192229903	0.029540236	0.000356542
Superworm_MAG_0071	0	0	0	0	0	0	0	0	0	0	0	0	0	0	0	0	0	0	0	0	0	0	0.196311758	0.079246793	0.473116492	0.140044502	0.275328945	0.190872155	0.116655099	0.063771136	0.204577605	0.105807413	0.05796103	0.158099342	0.059381819	0.575220283	0.178981733	0.05932526	0.181047849	0.216904187	0.075711855	0.213565848	0.033472484	0.069424331	0.144660864	0.234869891
Superworm_MAG_0072	0	0	0	0	0	0	0	0	0	0	0	0	0	0	0	0	0	0	0	0	0	0	0.018527905	0.004140327	0.107102759	0.003164464	0.010354032	0.001159715	0.000210808	0.027976162	0.053266587	0.469011464	0.000259571	0.000779037	0.001486331	0.105538093	1.573817555	0.005047886	0.00013735	0.129942974	0.000250844	0.013412112	0.021194017	0.004893792	0.000731846	0.001151312
Superworm_MAG_0073	0	0	0	0	0	0	0	0	0	0	0	0	0	0	0	0	0	0	0	0	0	0	0.060572888	0.035305921	0.085389665	0.063881531	0.0364138	0.026136647	0.037160796	0.048531952	0.025923739	0.062023034	0.016910474	0.019219733	0.07203456	0.015882127	0.073729384	0.079258086	0.034319265	0.026587349	0.05649423	0.081558246	0.040822978	0.028421647	0.124295053	0.022258538
Superworm_MAG_0074	0	0	0	0	0	0	0	0	0	0	0	0	0	0	0	0	0	0	0	0	0	0	0.313215029	0.258690892	0.109453526	0.097037719	0.069300127	0.038348469	2.0755123	0.937749482	0.271778516	0.542466801	0.040933468	0.052157673	5.753428284	1.05268396	0.173272144	0.166052589	0.225852951	0.518415155	1.648348609	0.260908679	0.52387726	0.245315099	0.192568105	0.122697118
Superworm_MAG_0075	0	0	0	0	0	0	0	0	0	0	0	0	0	0	0	0	0	0	0	0	0	0	0.885990732	0.750515717	0.241409484	0.099577454	0.009033443	0.007142736	0.280416844	0.152478904	0.185297541	0.31059086	0.084473595	0.047210314	0.027866229	0.29263548	0.037573035	0.069894202	0.000262029	0.003627106	0.212644016	0.071173117	0.065053799	0.006149565	0.002602788	0.002491844
Superworm_MAG_0076	0	0	0	0	0	0	0	0	0	0	0	0	0	0	0	0	0	0	0	0	0	0	0.022340605	0.021486398	0.104632797	0.066417884	0.04951339	0.025316528	0.016974158	0.021598657	0.006398914	0.017715361	0.029784028	0.021327725	0.007642573	0.019296986	0.003709177	0.013350767	0.001515826	0.014988278	0.298508681	0.005587724	0.117192555	0.009816643	0.024282568	0.028811772
Superworm_MAG_0077	0	0	0	0	0	0	0	0	0	0	0	0	0	0	0	0	0	0	0	0	0	0	0.000421487	0.063231844	0.013898515	0.000721796	0.029918384	0.021405943	0.032898448	0.150065597	0.001107619	0.008594232	0.000285617	0.00045267	0.000144972	2.88E-05	5.30E-06	3.54E-05	2.69E-06	1.57E-05	0.000779385	0.000342544	0.000259022	0.076105373	5.29E-05	1.91E-05
Superworm_MAG_0078	0	0	0	0	0	0	0	0	0	0	0	0	0	0	0	0	0	0	0	0	0	0	0.162837782	0.02203871	0.006283599	0.000383	0.000274019	0.000361445	0.007973186	0.044351097	0.002877135	0.009572744	0.000646124	0.012565099	1.78E-05	0.000106962	1.25E-06	0	0.000251722	0.000720043	0.009669372	0.005783808	0.001892524	0.000158907	1.02E-05	2.93E-06
Superworm_MAG_0079	0	0	0	0	0	0	0	0	0	0	0	0	0	0	0	0	0	0	0	0	0	0	0.589857122	0.150582451	0.101738729	0.00447117	0.005811296	0.028032108	0.005892382	0.018204094	0.004148111	0.023286868	0.002244915	0.074303324	0.000191638	0.028507065	4.09E-05	1.73E-05	8.90E-07	0.010017785	0.009612799	0.0269109	0.053053993	0.017801028	9.75E-06	0.017133292
Superworm_MAG_0080	0	0	0	0	0	0	0	0	0	0	0	0	0	0	0	0	0	0	0	0	0	0	0.812334575	0.706610816	0.504358718	0.391722924	0.340089057	0.226328456	0.562990946	0.678597825	0.213806432	0.295520281	0.130814102	0.243181107	0.884633989	0.509952449	0.0159347	0.136500223	0.01070188	0.127213146	0.262618313	0.197660326	0.388091319	0.138489879	0.423325233	0.075150717
Superworm_MAG_0081	0	0	0	0	0	0	0	0	0	0	0	0	0	0	0	0	0	0	0	0	0	0	0.000789841	0.000334308	0.292962651	0.03799841	6.39E-05	0.000157773	0.016933169	0.036148969	0.017002832	0.310337249	0.00017762	0.000106462	0.000242032	0.000118518	0.000458321	8.05E-05	1.33E-05	9.65E-05	0.000154482	0.000207056	0.000152082	0.00017513	6.95E-05	0.000180211
Superworm_MAG_0082	0	0	0	0	0	0	0	0	0	0	0	0	0	0	0	0	0	0	0	0	0	0	0.018606397	0.011728573	0.015946293	0.071758426	0.059617301	0.038171512	0.017219282	0.019005688	0.011529634	0.016791476	0.180508782	0.049488757	0.00234295	0.001529051	0.021251748	0.040655047	0.000688019	0.010600629	0.073693736	0.004124004	0.023848091	0.078906538	0.008595009	0.005825875
Superworm_MAG_0083	0	0	0	0	0	0	0	0	0	0	0	0	0	0	0	0	0	0	0	0	0	0	0.012206937	0.012178742	0.041896722	0.066207964	0.173179034	0.031924334	0.011998236	0.005371023	0.013423479	0.015216273	0.266261534	0.192211425	1.869736863	5.274787096	0.136370879	0.286597665	0.002095564	0.050619066	0.169493609	0.173820283	0.130242564	0.093966146	0.129108949	0.058027166
Superworm_MAG_0084	0	0	0	0	0	0	0	0	0	0	0	0	0	0	0	0	0	0	0	0	0	0	0.063499563	0.097146294	0.177001662	0.0472794	0.613443665	0.457411089	0.023057523	0.023825503	0.019711629	0.021828094	0.25014261	0.547602724	0.006953531	0.004904657	0.005827591	0.01282985	0.001876983	0.143631728	0.057860436	0.012782948	0.034812811	0.01082542	0.025394779	0.015355409
Superworm_MAG_0085	0	0	0	0	0	0	0	0	0	0	0	0	0	0	0	0	0	0	0	0	0	0	0.010743368	0.005995342	0.036194261	0.054362844	1.546223622	0.16920895	0.038711257	0.010527506	0.013765114	0.015978333	2.372918983	1.367076227	0.197590854	0.548815987	1.220824273	2.481917591	0.009627721	0.260874007	0.112304878	0.033897786	0.19240085	0.274474017	0.689591879	0.132144253
Superworm_MAG_0086	0	0	0	0	0	0	0	0	0	0	0	0	0	0	0	0	0	0	0	0	0	0	0.804275368	1.027887341	0.314210728	0.560210232	0.509338387	0.055553994	6.108080657	2.558454552	0.57540577	1.813209318	0.252392787	0.135045363	10.91830628	1.41591571	0.537104247	0.320268076	0.513262634	0.42044872	3.077865036	8.669420158	0.721301035	0.226411985	0.118647389	0.366087712
Superworm_MAG_0087	0	0	0	0	0	0	0	0	0	0	0	0	0	0	0	0	0	0	0	0	0	0	0.306445165	0.202399412	1.04216829	0.841264914	1.588452171	0.48113274	0.198046275	0.16684512	0.423746321	0.318484038	2.612983378	1.035125747	0.286749839	0.395727016	0.847098377	1.10673863	0.152482969	0.454010777	0.685424043	0.705792623	0.596326159	0.654041785	2.271141997	1.013540598
Superworm_MAG_0088	0	0	0	0	0	0	0	0	0	0	0	0	0	0	0	0	0	0	0	0	0	0	0	0	0.070576793	0.010994309	0	0	0.05864817	0.135567064	0.004258994	0.080657952	3.59E-05	0	1.82E-05	6.17E-07	5.67E-06	0	3.12E-06	6.66E-07	4.31E-07	1.15E-06	5.41E-07	4.51E-07	4.62E-07	5.52E-07
Superworm_MAG_0089	0	0	0	0	0	0	0	0	0	0	0	0	0	0	0	0	0	0	0	0	0	0	0.104913148	1.044654686	0.022046872	0.061966435	0.129480992	0.322483545	0.012555944	0.007619528	0.215468508	0.06643251	0.029453809	0.011874021	0.142841274	0.060239682	0.017394559	0.154494457	0.001344922	0.102990062	0.095512961	0.353932062	0.086388786	0.083803085	0.345779487	0.357753349
Superworm_MAG_0090	0	0	0	0	0	0	0	0	0	0	0	0	0	0	0	0	0	0	0	0	0	0	0.215152955	0.141953412	0.296008244	0.334386123	0.057890679	0.139402205	0.551390265	0.672877793	1.197604368	1.230885262	0.039340121	0.79244878	0.795849572	0.57259114	0.180370562	0.404275791	0.06451131	0.161089447	0.52046049	0.288355693	0.317639611	0.11721675	0.81376321	0.330105593
Superworm_MAG_0091	0	0	0	0	0	0	0	0	0	0	0	0	0	0	0	0	0	0	0	0	0	0	0.675368276	0.161695825	0.222494927	0.120161935	0.075341989	0.029694695	0.168930735	0.082383544	0.117304766	0.399892943	0.127177242	0.025581529	0.305671993	0.235358491	0.131401397	0.211241497	0.003964374	0.064903748	0.654527591	0.300887037	0.27084654	0.077101921	0.026833282	0.059351191
Superworm_MAG_0092	0	0	0	0	0	0	0	0	0	0	0	0	0	0	0	0	0	0	0	0	0	0	0.435941063	0.097297873	0.358776661	0.442218871	0.740184936	0.280146037	0.22125501	0.218728187	0.376174663	0.611640545	0.809807016	0.376601707	0.583817398	0.20073525	0.403817641	0.610476893	0.284142899	0.274411913	0.348492393	0.210709664	1.483683108	0.773240858	0.338998067	0.477252208
Superworm_MAG_0093	0	0	0	0	0	0	0	0	0	0	0	0	0	0	0	0	0	0	0	0	0	0	0.922199268	0.470152541	3.77785109	1.540977077	8.262443176	16.32607062	0.182467006	2.870916651	1.091170204	2.664704658	6.772421905	7.271914446	0.589095489	0.187213669	7.047686881	2.981524878	25.41509814	6.66488961	0.604485388	1.489121548	1.615104819	0.469597459	8.496358853	19.76199614
Superworm_MAG_0094	0	0	0	0	0	0	0	0	0	0	0	0	0	0	0	0	0	0	0	0	0	0	6.16E-05	7.04E-05	0.135287076	0.030162674	0.023825991	0.009370038	4.58E-05	3.59E-05	0.000282853	0.003171549	0.002762766	0.002593422	3.62E-05	1.22E-05	0.00096508	0.000451764	1.68E-05	6.60E-05	8.06E-05	8.29E-06	6.33E-05	0.000263278	0.000306793	0.000156011
Superworm_MAG_0095	0	0	0	0	0	0	0	0	0	0	0	0	0	0	0	0	0	0	0	0	0	0	0.39958711	0.240974509	0.353030707	0.324166297	0.233766697	0.149651974	0.722777161	0.83287117	0.271908018	0.440243369	0.401220493	0.175677625	0.227806824	0.390867713	0.03582765	0.396278242	0.146935679	0.412956509	0.416936298	0.462664519	0.16018723	0.180838131	0.124854135	0.095677592
Superworm_MAG_0096	0	0	0	0	0	0	0	0	0	0	0	0	0	0	0	0	0	0	0	0	0	0	9.20E-06	6.38E-06	0.31028516	0.271772985	1.09E-06	4.81E-06	3.78E-05	1.36E-05	0.063570216	0.189587512	0.000150158	2.36E-06	0.000251697	2.79E-05	0.070223963	4.50E-06	8.39E-06	1.58E-05	3.06E-05	2.48E-06	0.014107399	0.003839088	6.96E-06	0.009639736
Superworm_MAG_0097	0	0	0	0	0	0	0	0	0	0	0	0	0	0	0	0	0	0	0	0	0	0	0.038803064	0.02617539	0.086453906	0.038084904	0.084172666	0.055990425	0.030172089	0.03770648	0.041260464	0.081919089	0.12099332	0.042673353	0.001361552	0.000501612	0.011089065	0.039744636	0.00121347	0.002561168	0.005894633	0.002467803	0.031771103	0.122827814	0.00855459	0.007269567
Superworm_MAG_0098	0	0	0	0	0	0	0	0	0	0	0	0	0	0	0	0	0	0	0	0	0	0	2.16822413	2.395303356	0.837310298	0.192970057	0.664984001	0.349890194	0.256741293	0.332313608	0.069799953	0.115988497	0.030154403	0.026640023	0.007814242	0.00741947	0.030572971	0.292218274	0.003495301	0.023484859	0.019219569	0.00719968	0.0676032	0.172207167	0.015913386	0.006049723
Superworm_MAG_0099	0	0	0	0	0	0	0	0	0	0	0	0	0	0	0	0	0	0	0	0	0	0	0.406709223	0.321945323	0.391640248	0.397346522	0.517251318	0.332218326	0.103710027	0.285276863	1.344702137	0.281041037	0.512189196	1.534029176	0.198254067	0.203423672	0.218530609	1.122335997	0.1353155	0.171836966	0.219049623	0.629729772	0.075871536	0.258135523	1.206906397	0.190629277
Superworm_MAG_0100	0	0	0	0	0	0	0	0	0	0	0	0	0	0	0	0	0	0	0	0	0	0	0.375615706	0.079359488	0.100669704	0.066284894	0.029421186	0.01866273	0.02986502	0.079402844	0.032879187	0.066976362	0.00315179	0.025208515	0.442599123	0.032420125	0.099510549	0.034395987	0.010432717	0.006817118	0.196360895	0.165170246	0.021853511	0.017575272	0.060894238	0.02540244