	Control_1a	Control_1b	Control_2a	Control_2b	Control_3a	Control_3b	PB_1a	PB_1b	PB_2a	PB_2b	PB_3a	PB_3b	Standard_1a	Standard_2a	Standard_2b	Standard_3a	Styrofoam_1a	Styrofoam_1b	Styrofoam_2a	Styrofoam_2b	Styrofoam_3a	Styrofoam_3b
Mealworm_MAG_0001	1.23E-03	3.25E-04	8.498414818	1.07692536	3.047491451	0.389926856	4.80E-03	0.010353368	0.406607283	1.104334277	0.067471951	3.10E-03	0	17.26579214	0.072648635	7.50E-05	0.10155804	2.13E-03	3.190462964	1.331383143	3.35E-03	7.25E-04
Mealworm_MAG_0002	6.735652919	12.63747056	0.014095594	12.46354787	44.15949435	18.14495817	19.52563318	43.18204576	9.400143883	21.02084453	20.31205951	4.742936413	1.364884871	2.70E-04	0.024648034	2.16E-03	1.798151089	1.537883258	9.009549573	5.876206791	4.643111876	1.619029206
Mealworm_MAG_0003	7.53E-04	1.51E-03	0.025162021	4.601460703	3.49E-03	0.006353285	1.28E-03	2.03E-03	0.145447532	0.530059826	0.015770209	1.41E-03	0	1.274750188	0.09582662	4.27E-04	4.52E-04	1.36E-03	0.321782576	0.761490154	7.03E-04	6.28E-04
Mealworm_MAG_0004	73.07896718	153.1788691	228.2446503	367.7617006	146.5299766	356.3078524	137.1209124	17.65763678	213.1202196	61.36053807	3.75683976	24.17432977	31.84769215	333.8663578	23.08426062	32.68426778	2.414141641	2.916396433	354.6553744	41.22661862	74.39254381	8.531900475
Mealworm_MAG_0005	32.2087712	22.20364401	11.59162701	4.492324265	1.261395009	7.560337084	7.193829707	6.714229734	0.862100487	3.719532952	0.470960281	0.920661095	0.014464203	0.018638436	1.12E-03	0.031816393	2.462312176	1.923836101	1.507917452	1.193005538	0.556410716	1.007834615
Mealworm_MAG_0006	0.324275466	0.133327318	0.017650337	3.221898765	2.93E-03	0.046025429	0.101034326	0.292576094	1.79143001	0.948606652	0.070917944	0.018639705	2.702044906	7.283098734	9.049557079	1.39E-03	0.015909048	0.069176655	0.067593666	0.440071171	0.038268779	0.012545194
Mealworm_MAG_0007	445.5966807	191.3761067	42.4547319	120.0021837	186.0016257	151.8794609	114.0967707	397.0920699	66.38220462	218.9040198	132.4260558	72.01557486	18.16639785	21.45335525	0.018453318	0.823375565	45.11319099	62.12414933	88.1181702	125.8368484	8.279729317	99.06076441
Mealworm_MAG_0008	7.836492262	34.96640894	0.715916927	17.74155421	22.26787339	8.257831737	30.63089137	20.77973971	53.07837635	27.06353417	2.184071743	13.76839535	2.612556515	0.55375479	0.187444604	1.129982884	1.980016944	9.582870773	6.795819779	41.93790048	2.294235225	0.933516321
Mealworm_MAG_0009	153.6453085	171.4226801	71.69026577	252.6481808	25.07656577	139.7054088	85.41693637	199.7869196	40.95285332	401.1547537	854.9081348	207.149036	3.573671712	0.604863888	0.5412554	103.6368914	350.7248531	472.0595541	411.998011	586.3702517	145.558762	96.52080325
Mealworm_MAG_0010	0.697358655	11.27824824	0.241761303	2.350249344	1.47187879	0.386796449	110.9135303	1.702775979	0.532310668	0.155219287	0.449292148	49.46542276	0.574345361	0.484743467	0.004018022	1.088791284	0.734262643	0.797175598	0.148697728	0.497709315	0.380182167	0.403131255
Mealworm_MAG_0011	0.07038001	6.6839144	2.46E-04	3.01E-04	7.65E-04	0.035231003	0.106540303	1.75E-03	5.47E-05	2.19E-04	2.19E-04	2.73E-04	1.09E-04	0	8.20E-04	0	4.92E-04	0.00614971	2.73E-05	0.005165756	4.92E-04	0.005575737
Mealworm_MAG_0012	1.992549783	19.86430558	0.047442204	0.478633555	0.135542649	0.181391304	1.168047995	1.384838832	0.153686332	0.179797756	0.127324493	0.177134254	0.213899685	0.088783394	0.008855574	0.201948075	0.083274271	0.939260017	0.116169657	0.184168631	0.090559062	0.194139689
Mealworm_MAG_0013	166.9683174	70.2946883	179.3644243	110.5377681	233.6629971	82.50675916	198.6550464	222.0451815	166.7877567	5.676089861	36.45563651	5.759174754	114.822343	0.329323594	0.005986032	252.9727102	758.7947051	82.13294604	58.30560095	27.50677958	287.7528856	28.96299275
Mealworm_MAG_0014	203.1320425	233.9873851	6.583489449	61.49842354	196.5816684	36.64992833	241.6285137	29.44562703	90.89978468	283.9238727	71.2909095	202.1564788	633.3557164	133.035495	0.011839483	327.1437848	171.0023935	419.3639682	111.3763706	93.09789122	139.9112386	112.410555
Mealworm_MAG_0015	16.67598049	27.43718069	13.61200557	10.64000763	36.69542191	3.897193913	6.355072322	4.478832731	22.04213317	19.52293678	12.42662245	4.774864436	3.908874803	0.062707935	2.010182243	14.53931319	13.51128796	8.659923054	35.05680958	15.34417194	2.117502089	0.54932258
Mealworm_MAG_0016	132.3427746	126.6509688	0.465887176	111.6118621	65.00771873	30.07649938	86.34541435	101.248802	69.55944938	267.8672518	63.93116571	21.84912564	1.576789708	140.4866881	236.3765458	30.26661101	6.484642991	118.1411035	23.44711271	86.10937511	53.93671574	3.346874147
Mealworm_MAG_0017	2.292939695	0.329947649	105.2462784	75.68026272	2.743487616	2.930863284	3.144628254	9.210773097	4.577811472	40.14738173	4.914199506	19.58727907	1.40E-04	173.9618115	0.818207859	0.020390676	185.9824524	1.420813959	44.8709505	29.54488103	4.626288736	0.101767378
Mealworm_MAG_0018	0.228202368	0.165919844	0.588129271	1.728915813	0.180789546	0.137256865	0.187823867	0.158835457	0.546524144	1.416126367	0.197862167	0.131874734	0.271885248	9.857060605	0.191428643	0.254987859	0.847798333	0.137582297	0.996770721	1.938843968	0.114526748	0.063233785
Mealworm_MAG_0019	2.982133804	148.5019369	3.161999793	111.1787519	1.239590792	0.473081178	7.626203098	3.124583074	0.369410129	0.455020763	0.214838564	1.418488966	0.849380839	1.482463189	0.007086375	0.559544801	21.29734694	0.580361029	0.391423823	28.65498953	0.275384425	0.260539124
Mealworm_MAG_0020	3.687451731	2.016183878	0.643695319	2.315251346	18.01110624	4.328956924	4.155216534	11.10062476	1.917138312	9.777212315	43.59347804	2.925172617	0.255783662	0.138957731	0.010547186	0.123223404	0.717727341	3.6672507	5.875531682	2.490115616	3.786468479	5.631159729
Mealworm_MAG_0021	16.24850092	86.34100459	1.865820469	11.21291576	15.22691691	16.52767404	28.90389855	18.0695609	3.120102536	6.164804123	15.38558568	6.076917036	3.400929716	0.825497166	0.036651558	28.59164422	21.57475694	89.34324523	1.735653985	3.130228613	22.41943717	8.231068472
Mealworm_MAG_0022	8.47800613	4.173934907	0.07039279	0.582749268	0.007573664	0.06508738	3.07598423	5.381722941	0.616888426	1.18637417	0.270383666	0.084040764	1.77E-03	0.112874512	5.625502668	0.83956185	0.042327942	0.010380149	0.215830215	0.13432682	0.1421696	0.0038445
Mealworm_MAG_0023	2.98E-03	0.007756518	0.290818846	1.587101652	0.064345377	0.02593375	0.006896556	0.011078331	0.36351091	1.201130563	0.126178316	0.027619949	0	45.51878966	0.203726636	1.69E-03	0.455897787	0.007031452	1.683181306	2.086840629	2.88E-03	3.37E-03
Mealworm_MAG_0024	3.172045716	6.580705798	2.38E-03	4.68E-03	2.36E-03	1.45E-03	6.159777412	5.645854869	6.53E-04	2.50E-03	0.005533677	0.00510801	9.65E-04	7.38E-04	8.23E-04	5.96E-04	1.28E-03	0.037288472	1.45E-03	0.007321481	9.93E-04	6.24E-04
Mealworm_MAG_0025	7.92E-05	0.00639177	0	0	7.92E-05	1.06E-04	0.067958779	0.099917629	2.64E-05	3.17E-04	0.064208236	0.028287544	5.28E-05	2.64E-05	0	0	0.008689638	5.531892115	7.92E-05	1.06E-04	0.049100416	0.007923682
Mealworm_MAG_0026	250.4706903	65.80122924	172.4801651	149.9147969	238.6221869	103.3891795	156.1482973	174.7937361	98.48178175	52.61561478	87.37218233	59.84914232	350.7624581	291.2257532	1.582849866	1169.331138	222.177899	85.97241504	52.85218964	53.97442888	154.4023214	147.3392196
Mealworm_MAG_0027	22.31004622	24.31286099	2.284890122	21.59471961	23.17246019	24.86072405	27.96514844	66.72414985	18.22005334	35.25882059	43.50641667	9.779997181	23.83918979	48.82805436	2.920772925	25.77060486	6.724003595	6.606599619	13.52731803	9.123173125	11.08889196	5.736108304
Mealworm_MAG_0028	1.456989128	7.213213266	2.339077411	8.067384188	12.99779851	6.05063943	2.547830588	2.15289736	0.259880341	1.458378244	5.361445256	0.080124948	0.142673728	0.073449477	1.39E-03	0.082498021	2.585780449	1.827477783	0.054542073	0.136673521	0.090022396	0.029055664
Mealworm_MAG_0029	0.149200942	0.141145186	0.040044146	0.760239153	0.058189149	0.041060892	6.773613272	1.390986591	0.041895145	0.069868692	0.082669262	0.115465835	0.055842813	0.038062795	0.004275547	0.034725783	0.200846419	0.204887332	0.085980204	0.056390291	0.042468694	0.012409514
Mealworm_MAG_0030	5.991302192	4.789544356	0.562931365	1.371625812	3.70E-03	1.69E-03	4.697028735	3.208823	0.148639402	0.442373546	0.185582634	1.479698552	7.88E-05	3.94E-05	5.12E-04	1.58E-04	0.090428211	4.007395473	0.085032451	1.804231851	0.119651962	0.028396664
Mealworm_MAG_0031	188.5329835	804.4397264	165.9750465	994.8081526	658.6279395	1441.099487	52.65316345	557.2995791	740.2759318	121.0620907	2241.523822	2214.689945	3.874870864	10.21670703	505.9102435	12.95631708	371.1922231	389.7729051	395.6319211	2202.29457	3180.065984	2096.368816
Mealworm_MAG_0032	17.54069393	38.48736035	0.763893782	221.7970013	42.12765636	7.224553304	100.4234579	224.9574159	355.626858	375.5768168	32.62585324	4.587758753	0.176020168	0.095514476	1.311492347	0.018516753	4.243089595	77.8960291	95.14582794	192.1804535	9.727156898	4.463558852
Mealworm_MAG_0033	32.07618384	16.10404363	11.04283023	21.78367104	16.37366764	9.365597991	25.14258816	16.76664888	3.66152895	18.09810742	13.16700202	2.959759641	69.01014819	97.04601762	0.004045677	2.907117965	53.14274073	18.48828781	21.99057509	10.29133979	22.31456437	15.94628618
Mealworm_MAG_0034	6.374710552	3.730427715	4.84755429	13.65923184	0.032716874	6.70615436	1.363068945	44.25878804	4.524736069	9.828239348	19.31711343	0.347739376	17.24108824	152.910142	2.413504399	2.51E-04	1.945057112	0.26261515	13.88208882	2.068732426	6.29E-04	6.04E-04
Mealworm_MAG_0035	0.828902322	0.910181249	1.648334455	26.36646137	6.089249258	3.35409394	0.513997946	1.065904098	10.21720862	22.82529688	4.845086006	1.289757409	0.034422079	17.98449305	29.87298418	0.161075565	1.193984975	1.242845661	11.33027152	26.0032453	1.076005633	1.433539585
Mealworm_MAG_0036	182.1338076	27.3726784	10.44688576	45.7046303	83.63887243	53.89521111	9.632372457	10.71027943	29.71745943	29.49052296	77.2532806	53.70533672	116.822598	82.25976738	0.473723686	60.6822171	189.2037831	18.23874684	41.77860745	57.7214853	57.03704668	10.06647712
Mealworm_MAG_0037	5.993729216	10.14149358	0.774181913	25.70320886	88.54665289	19.39717159	35.78910189	46.20721736	10.56457017	3.698401459	8.94529984	6.560898074	66.31385329	0.662814446	0.001746875	28.68753756	23.86740916	33.44053603	6.700698018	24.1073633	69.79532609	4.420842586
Mealworm_MAG_0038	19.14701434	20.21519682	0.057923958	0.20502729	0.205556544	0.150837516	0.965418907	1.23872002	0.089973255	0.199528924	0.286532474	0.104615961	0.144251238	0.149308558	0.049985142	0.092090273	0.354894506	0.274271413	0.11967031	0.160687529	0.110290745	0.032607954
Mealworm_MAG_0039	4.006909675	2.275721747	0.159112607	1.293053174	0.022549862	0.231622078	0.855048016	3.643649535	1.312395512	2.545639712	0.560377041	0.169318363	2.85E-03	0.233922423	22.22911006	1.715863094	0.100955993	0.02475301	0.526357852	0.304552739	0.268492399	0.004892283
Mealworm_MAG_0040	4.357756729	6.778974001	0.869663989	6.951661374	2.057372569	0.785655474	1.993313914	8.880570681	1.516785174	8.921123865	0.772432445	0.038592793	0.069094169	0.074091244	0.00319044	0.021718056	11.19471602	0.742065606	0.099960715	0.335457475	0.035767524	0.022544495
Mealworm_MAG_0041	0.05953112	0.011409022	5.124737156	6.662269285	0.072449507	0.692021528	0.085168124	0.219390601	0.912277794	2.247066727	14.32524738	0.432566172	4.44E-05	15.82717626	0.345977469	4.22E-04	1.834765997	0.014982665	2.199876883	3.061280208	0.136508721	0.016558619
Mealworm_MAG_0042	2.58604466	2.679423253	0.123611737	0.752844486	9.242346092	14.70036515	2.210068944	1.228580863	0.868505864	5.25130974	53.72462311	21.80317178	0.099346807	0.04770215	0.002374217	0.52829587	9.392880138	0.783317229	4.454727392	3.720571694	18.66090698	15.86266398
Mealworm_MAG_0043	28.06509037	12.57656993	14.59501578	14.23207756	6.858107671	11.13323491	13.03126794	16.80939215	3.784923225	12.54770107	4.224107602	3.146759565	16.26779077	12.99589684	0.002940846	6.827323215	77.8671903	6.145775326	19.47892519	14.19705721	14.14784525	5.213661931
Mealworm_MAG_0044	11.78093918	23.61178077	0.424001737	16.51791027	5.910337005	9.698963061	28.68282499	11.40993766	14.24311825	1.461876649	0.067339107	13.60418653	0.285934331	0.047801411	6.44E-04	0.14484579	0.146548054	1.453426673	1.157263422	5.85693806	1.170590155	0.43160825
Mealworm_MAG_0045	36.67638933	28.48549316	13.40298402	14.78565492	11.69438798	9.502148321	17.32775759	35.87160814	2.694293213	39.93813337	11.4091572	3.77978907	58.45056855	20.58422049	0.008538662	0.307589241	26.76137452	23.2453215	9.738763023	8.366284231	3.493645196	10.90730107
Mealworm_MAG_0046	64.67976066	0.69617702	0	1.96E-05	0	0	2.63E-03	1.18E-04	0	0	1.96E-05	0	0	0	3.93E-05	3.93E-05	1.57E-04	1.57E-04	0	1.96E-05	0	9.82E-05
Mealworm_MAG_0047	0.339484482	0.168078986	1.334600788	19.65866574	1.130007557	0.764968261	0.344796583	0.189843126	5.965824111	14.74211041	4.115665917	0.970335099	0.058072089	1.213118722	110.4638925	0.201447229	0.110264766	0.181694467	9.13823117	14.7620179	0.514783799	0.603310212
Mealworm_MAG_0048	125.233575	17.40083376	15.99106525	19.81769943	61.78974764	155.637541	30.4981218	83.75085904	24.31520649	62.1915673	62.83869184	26.57858094	219.3426285	585.5305604	1.852611901	173.3904833	4.480600743	4.894912054	23.10534705	5.160416517	5.720369178	4.727467088
Mealworm_MAG_0049	6.318026023	34.6959806	0.420455594	3.459291825	3.689105818	6.847476172	17.88236419	10.89368153	1.21382997	7.903430138	5.719149189	4.209005102	1.057753404	2.212340325	0.02349157	21.32536219	81.60107175	29.97975137	5.856539278	3.378297323	5.570131959	3.714278181
Mealworm_MAG_0050	110.5764331	204.6910732	0.069822958	43.32871192	0.060138049	0.026633499	215.7974388	522.4279041	22.79791565	46.48687564	0.106141367	0.051958228	0.845139179	1.39243469	0.275365518	0.07937699	22.31353933	286.9383953	2.682523451	85.64515454	0.056342612	0.030428937
Mealworm_MAG_0051	200.4439175	128.4428109	14.49824145	9.168319585	8.248221562	71.72298998	33.42762445	23.80950108	7.188285693	42.4570289	10.22236922	11.50133665	216.9838393	1.856550234	0.006458949	4.017880154	61.84420187	22.21627235	20.0759897	5.033589719	6.874453932	44.24986462
Mealworm_MAG_0052	0.029672764	0.042872268	1.04E-04	1.04E-03	7.31E-04	0.015532926	9.40E-04	3.03E-03	0.007000265	42.65466754	2.96E-03	4.18E-04	2.47E-03	3.48E-05	60.9229553	2.44E-04	5.92E-04	1.04E-04	0.822200242	1.519649499	8.36E-04	0.003935472
Mealworm_MAG_0053	0.010642397	0.010907794	0.222455299	10.60280025	0.023699902	0.024443012	4.83E-03	0.012579791	1.075041375	2.703779352	0.068206886	0.01342906	1.59E-04	49.60355079	0.837219622	3.85E-03	0.012526712	0.009952367	2.267467598	3.243701877	4.25E-03	0.003927867