	Control_1a	Control_1b	Control_2a	Control_2b	Control_3a	Control_3b	PB_1a	PB_1b	PB_2a	PB_2b	PB_3a	PB_3b	Standard_1a	Standard_2a	Standard_2b	Standard_3a	Styrofoam_1a	Styrofoam_1b	Styrofoam_2a	Styrofoam_2b	Styrofoam_3a	Styrofoam_3b
Mealworm_MAG_0001	1.95726381987126e-05	5.42976545521422e-06	0.29467617153618	0.0187088501151513	0.0575456482829928	0.00783065722711818	9.63743947615934e-05	0.000178453512304347	0.00950331358208145	0.0221695722449539	0.00131877509633327	7.89614533884596e-05	0	0.266632171637528	0.00467780400003825	1.12488746824414e-06	0.0015007104014234	4.40039911225794e-05	0.0783348093402629	0.0264965768814451	6.01920215935356e-05	2.14578687086411e-05
Mealworm_MAG_0002	0.107584985676329	0.21106516057488	0.000488754180432183	0.216522572224986	0.833861807719179	0.364393848617316	0.3919080995149	0.744297654006577	0.219702201097152	0.421994627314166	0.397009985531764	0.120770100698211	0.0224250634608846	4.16319150089722e-06	0.00158707277809023	3.23367847111586e-05	0.0265710527439262	0.0318357576164553	0.221209697772614	0.116945573320849	0.083399213937518	0.0479029155419235
Mealworm_MAG_0003	1.20329198861199e-05	2.51643345629487e-05	0.000872474251903436	0.0799387235404514	6.59117125401018e-05	0.000127589046334549	2.57055614140161e-05	3.50595437595805e-05	0.00339943126548444	0.0106409805995644	0.000308237105707487	3.58078262598876e-05	0	0.0196857119654418	0.00617022118494201	6.40078482153413e-06	6.67932984247952e-06	2.80713555396064e-05	0.00790066426942456	0.0151548279063226	1.26295723443629e-05	1.85748397977173e-05
Mealworm_MAG_0004	1.16725130175029	2.55832228867246	7.91421237543014	6.38892795397444	2.76691916457622	7.15550779668573	2.75221785090945	0.304351899023197	4.98109198410194	1.23181622659866	0.0734294273637898	0.61555458182131	0.523257699593741	5.15583132887637	1.48638231997663	0.490055493178568	0.035673467736203	0.0603723914038759	8.70778361924688	0.820473261528474	1.33623307859136	0.252437019819655
Mealworm_MAG_0005	0.51445349539712	0.370834944128848	0.401930988463696	0.0780427543842048	0.0238188670022169	0.151829522084612	0.144390714602628	0.115728316067036	0.0201491995157974	0.0746698316166433	0.00920516868888756	0.0234429314406026	0.000237646911964784	0.000287829641251839	7.18820821312255e-05	0.000477042912690643	0.0363852776772404	0.0398253765327632	0.0370236004843579	0.0237426492355526	0.00999420595210727	0.0298192375094529
Mealworm_MAG_0006	0.0051794787733566	0.00222677090716143	0.000612012205878669	0.0559723294932724	5.52993265903732e-05	0.000924299913327311	0.00202790711766842	0.00504292227959583	0.0418696906284609	0.0190433314931822	0.00138612886394778	0.000474625606623899	0.044394607782136	0.112471435788928	0.582695797266482	2.07679044960639e-05	0.000235085999733738	0.00143202757484941	0.0016596139682547	0.00875809467781258	0.000687380828408672	0.000371180077228837
Mealworm_MAG_0007	7.11727772930515	3.1962748013866	1.47208604537864	2.08473395950321	3.51226059370899	3.05010024081494	2.29008955332867	6.84438846970265	1.55149928017105	4.39451041492811	2.58833755760938	1.83374337550008	0.298473983695957	0.331299870455709	0.00118819859071542	0.0123453803959766	0.666631955696553	1.28603348157829	2.16354809311172	2.50434726094522	0.148719853222327	2.93095356931204
Mealworm_MAG_0008	0.12516810440948	0.583992713096656	0.0248238834824061	0.308214562452685	0.420483282960458	0.165836871041131	0.614806921304426	0.358165326508651	1.24055932112347	0.543301959114829	0.0426888415989565	0.350586714383423	0.0429243131911453	0.00855152437108338	0.0120694506641567	0.016942534041165	0.0292584616234293	0.198375234069069	0.166856425765077	0.834628866910611	0.0412088744436102	0.0276203500978182
Mealworm_MAG_0009	2.45409442989752	2.86302194272726	2.48580629542068	4.389122146285	0.473519698915701	2.805616364572	1.71444320821285	3.44358246427632	0.957158967849545	8.05320407055498	16.7096333099318	5.27466694879189	0.0587154394255891	0.00934079193640953	0.0348511251814829	1.55389217385906	5.18261709301587	9.77211597178628	10.1157060919788	11.6696719000279	2.61451514834387	2.85580264255511
Mealworm_MAG_0010	0.0111385372497701	0.188364061089199	0.00838289219277558	0.0408296288261642	0.0277934230639466	0.00776779122615427	2.2261972486165	0.029349516554315	0.0124412803483765	0.00311603585352328	0.00878165353520338	1.25954547298902	0.00943649640362004	0.00748579631961604	0.000258718146149039	0.0163249228442934	0.010850106836498	0.0165023508762122	0.00365094605774273	0.00990518259343843	0.00682880247420647	0.0119276183428092
Mealworm_MAG_0011	0.0011241423028768	0.111631632280546	8.52946309193289e-06	5.22307507855743e-06	1.44510736405337e-05	0.000707522205623709	0.00213842015631687	3.01505683084684e-05	1.27762086048001e-06	4.38953827411957e-06	4.27375427878723e-06	6.95959901421233e-06	1.79626225466814e-06	0	5.27968374006208e-05	0	7.26987892198866e-06	0.000127305284088998	6.71078267904116e-07	0.000102806509103187	8.83684842970688e-06	0.000164971727762562
Mealworm_MAG_0012	0.0318259332053136	0.33176440087551	0.00164502289013643	0.00831504557373996	0.00255944592909928	0.0036427681337193	0.0234444366225979	0.0238694641598648	0.00359199027729887	0.00360944998684758	0.00248862481263725	0.00451039606048386	0.00351437262035959	0.00137106418539017	0.000570205367432764	0.00302793270357243	0.00123053343889725	0.0194436437810812	0.00285229072177275	0.00366523964874933	0.00162661482313245	0.00574409472324603
Mealworm_MAG_0013	2.66689573434229	1.17402921787953	6.21932713279645	1.9203137129428	4.41224819439106	1.65693165179716	3.98729818130661	3.82723200810317	3.89819961363719	0.113947820772341	0.712544767615278	0.146646729895191	1.88653151847539	0.00508567833265491	0.000385437144480962	3.79297670390425	11.2126140297156	1.70023605451531	1.43156594674289	0.547427315316526	5.16859492260327	0.85694056049012
Mealworm_MAG_0014	3.24451959611674	3.90794857134781	0.228277567957773	1.06837932445058	3.71204307943498	0.736017593062834	4.84983870592507	0.507532951114067	2.12452947762223	5.69978759210737	1.39341866987767	5.1475407159161	10.4060367576671	2.05444051687953	0.000762337522064325	4.90506961631083	2.52688088598148	8.68126340500096	2.73460211071044	1.85279154575364	2.51307477213034	3.32593958305188
Mealworm_MAG_0015	0.266356527555669	0.458243041763098	0.471986102522286	0.184843179816751	0.692918053140949	0.0782649084011443	0.127555623538807	0.0771983965976166	0.515173516030014	0.391924045485746	0.24288493226939	0.121583088734173	0.064222827444819	0.000968386086830829	0.129434483324133	0.2179969379523	0.19965460479016	0.179269271546122	0.860742947094496	0.305372674671002	0.0380344076312287	0.0162530441300369
Mealworm_MAG_0016	2.11384043695307	2.11526562590385	0.016154289043568	1.93897337522169	1.22753792043015	0.60400752986368	1.73307912321253	1.74515228386651	1.62575853376747	5.37745003165688	1.24956857081076	0.556347560641136	0.0259066607175423	2.1695078011387	15.2201503999568	0.453806066145301	0.0958227548087948	2.44564177255274	0.575692344367785	1.71370930242848	0.968807087834008	0.0990254091648384
Mealworm_MAG_0017	0.036623900794776	0.00551063230935961	3.64933591352583	1.31475285562605	0.0518051571266111	0.0588586946350273	0.0631173018107091	0.15875942623515	0.106993602347344	0.805960929118391	0.0960506379731955	0.498753822496366	2.29203344126796e-06	2.68645743116529	0.0526839353997827	0.000305730054340221	2.74823933383899	0.0294123033060132	1.10170761803938	0.58798867605199	0.0830970380035558	0.00301103531173756
Mealworm_MAG_0018	0.0036449545134967	0.00277111612757912	0.0203929421838916	0.0300355326613378	0.00341384112300883	0.00275644379836156	0.00376990051563951	0.00273773175712128	0.0127734808097962	0.028428815868353	0.00386732109348738	0.0033579461164248	0.00446707562731583	0.152220613696278	0.0123259806800754	0.00382319107766044	0.0125278094538445	0.00284809436816065	0.0244735153749923	0.0385859836997209	0.0020571205278747	0.00187092526746856
Mealworm_MAG_0019	0.0476320301013895	2.48021034151769	0.109639975606591	1.93144918135751	0.0234071389251796	0.0095005934729426	0.153069082800518	0.053856175894221	0.00863393364085681	0.0091345672073467	0.00419913377833751	0.0361191971303897	0.0139553303175535	0.0228933822633711	0.000456287658529403	0.00838960215515287	0.314708220120421	0.0120140673590445	0.00961055211304295	0.570278463365739	0.00494643359541277	0.00770868346575008
Mealworm_MAG_0020	0.0588976965448391	0.0336733662097597	0.0223196532857068	0.0402216272615071	0.340102934473072	0.0869357349486392	0.0834012909906978	0.19133343091805	0.0448077723330063	0.19627808295391	0.852057669154045	0.0744841087284887	0.00420252650508923	0.00214589641597472	0.000679127245620103	0.00184756490832506	0.0106057667467609	0.0759158433061681	0.144260773209059	0.0495571392680083	0.0680122519613694	0.166611552067785
Mealworm_MAG_0021	0.259528624802463	1.44202733569559	0.0646959279353775	0.194796007442601	0.287529208672476	0.331914942871963	0.580143642117276	0.31145193690823	0.0729237130049617	0.123758786860774	0.300719439403672	0.15473744922812	0.0558772877924751	0.0127479874854896	0.00235997281405631	0.42869225053229	0.318807472850546	1.84949662840817	0.0426151707437736	0.0622963746449047	0.402696184612989	0.243536173576277
Mealworm_MAG_0022	0.135414662695949	0.0697111211762532	0.00244081729339295	0.0101237923489137	0.000143013176002813	0.00130710915969081	0.0617395155613927	0.0927608613529822	0.014418050053476	0.0238165276869124	0.00528479227517243	0.002139942568871	2.90559665522462e-05	0.00174309849216595	0.362222894841706	0.0125880714005676	0.000625474680901303	0.000214879714815606	0.00529923678813592	0.00267331079117036	0.00255363928119137	0.000113748871809131
Mealworm_MAG_0023	4.76709948227216e-05	0.000129545762051136	0.0100839257489169	0.0275718708457471	0.00121503094747324	0.000520811282392232	0.000138424002787265	0.000190949176217728	0.00849605581888174	0.0241127630963487	0.0024662221716348	0.000703290913379469	0	0.70293755655118	0.0131178414100192	2.52822361986691e-05	0.00673674431806207	0.000145558260939142	0.0413268193824135	0.0415313453757951	5.17914299843884e-05	9.97806300771489e-05
Mealworm_MAG_0024	0.0506653916216121	0.109907890169536	8.26543275662412e-05	8.13438369059617e-05	4.44761617807574e-05	2.90646073116409e-05	0.123635768226079	0.0973135121381208	1.52548155432516e-05	5.01324179212812e-05	0.000108158660257951	0.000130066019414602	1.58524282385966e-05	1.13940627672609e-05	5.29897386825031e-05	8.93521515010884e-06	1.8870104822096e-05	0.000771909531518432	3.55345219445046e-05	0.00014570875265391	1.78402144838457e-05	1.84717976459551e-05
Mealworm_MAG_0025	1.26560738122175e-06	0.000106752373544284	0	0	1.49622540334362e-06	2.12168465448232e-06	0.00136403237177444	0.00172220781809668	6.17313372643839e-07	6.36273426686513e-06	0.00125498405210423	0.000720289983258878	8.67907487175348e-07	4.07879445285053e-07	0	0	0.000128405686546001	0.114515829252431	1.94548602804857e-06	2.10257979254313e-06	0.000881937841157518	0.000234441394861638
Mealworm_MAG_0026	4.00063452705734	1.09898155268505	5.98062059815198	2.60438984072446	4.50589235881067	2.07630024163822	3.13412537495739	3.01279305921733	2.30173755714625	1.05626140344582	1.70773568394445	1.52394768040801	5.76302848142753	4.4973410073017	0.101918796321806	17.53250681825	3.28309490045312	1.77971699291848	1.29766941204024	1.07417433637299	2.77336247356065	4.35938904978516
Mealworm_MAG_0027	0.356346449507139	0.406062105950202	0.0792268544025041	0.375153550687186	0.437564556186145	0.499262375357773	0.561301550264268	1.15007585515441	0.42584303746654	0.707822791312086	0.850356008470725	0.249029533949773	0.391677976279987	0.754041868933065	0.188066895787065	0.386394658156366	0.0993597563832398	0.13676337465606	0.332133577720932	0.181565208574789	0.199177813881939	0.169716710823562
Mealworm_MAG_0028	0.0232717089787865	0.12047173596248	0.0811057581062397	0.140150364392667	0.245436862943571	0.121511208142024	0.0511386972201151	0.0371079328584415	0.0060739796705639	0.0292770246442069	0.104792293577314	0.00204023356833907	0.00234412988047403	0.00113426557141822	8.94443453954787e-05	0.00123694397562712	0.0382097528370726	0.0378306607240313	0.00133916078473131	0.00272001375735772	0.00161697525986403	0.000859682462132119
Mealworm_MAG_0029	0.00238310693897618	0.002357341307636	0.00138850078003197	0.0132072294780387	0.00109878317466658	0.000824600213775645	0.13595635434592	0.0239754286393861	0.000979182409029864	0.00140261789262537	0.00161581461190202	0.00294012385456877	0.000917497620782082	0.000587796122388399	0.000275300011383851	0.000520665193213405	0.00296788230440528	0.00424137750384584	0.002111055026603	0.00112225372420042	0.000762819370576598	0.000367165642740441
Mealworm_MAG_0030	0.0956958691815802	0.0799927441231707	0.0195192236618276	0.0238285239550476	6.99084862489744e-05	3.40107003397731e-05	0.0942762566218633	0.0553081584937521	0.00347403233397816	0.00888067363194775	0.00362731110358915	0.0376777859818113	1.29419497813641e-06	6.08216356666055e-07	3.29678000867751e-05	2.36210145258473e-06	0.00133624630834477	0.0829571882800139	0.00208778502960797	0.0359069950656597	0.00214917921770514	0.000840184338977837
Mealworm_MAG_0031	3.01133662477474	13.4353784855089	5.75506048023695	17.2822716562519	12.4368426862228	28.9406998577059	1.05682622554301	9.60576929661466	17.3018895956896	2.43032822822091	43.8117729859098	56.3929819809102	0.0636641425918947	0.157774561470092	32.5752708238871	0.194262095678001	5.48506084716675	8.06869810944554	9.71387270613755	43.8290567870911	57.1200975607421	62.0261684866484
Mealworm_MAG_0032	0.280168133405765	0.642798007451208	0.0264874449954458	3.85316105362683	0.795494699605385	0.145086186396386	2.01564610723683	3.8774280833692	8.31178803619676	7.53972556128462	0.637689620449562	0.116818788705621	0.00289201201012705	0.00147501092664575	0.0844462410549995	0.000277633163741571	0.0626996018819709	1.61252753694289	2.33609679086018	3.82468727178767	0.174718434716323	0.132065241229913
Mealworm_MAG_0033	0.512335748437417	0.268962253176405	0.38290187113898	0.378436103124889	0.309183252648481	0.188083448028833	0.504648625200707	0.288994585747784	0.0855780485570741	0.363320516639899	0.257356044072801	0.0753648033044364	1.13383698937465	1.49866222295621	0.000260498807353768	0.0435882222540059	0.785283603407764	0.382726482255844	0.539930262902725	0.204813526020475	0.400812467535079	0.471809648090908
Mealworm_MAG_0034	0.101819846087193	0.0623038701561351	0.168085315928192	0.237294552410885	0.000617791297932887	0.134675504570392	0.0273587931662465	0.762856681054055	0.105753112514299	0.197302453474843	0.377563236217579	0.00885453983452174	0.283271143339996	2.36136071285413	0.155404165918514	3.77051784651208e-06	0.0287418645786235	0.00543640242537815	0.340844195192807	0.0411709642340962	1.12924276528681e-05	1.78571852656885e-05
Mealworm_MAG_0035	0.0132396139610895	0.0152014242627534	0.0571547631986541	0.458050476126093	0.114983028438842	0.0673581712387972	0.0103166927429384	0.0183722171083458	0.238798815388141	0.458219108855257	0.0946997779253821	0.0328412862119252	0.000565554880654637	0.277730925886478	1.92350434155099	0.00241510581741769	0.0176433659749254	0.0257281773636396	0.278189927055701	0.517504665541046	0.0193271293950428	0.0424147541042589
Mealworm_MAG_0036	2.90912600807096	0.457165754412334	0.362237942735252	0.794002174981877	1.57934918404855	1.08234382340561	0.193335844607238	0.184605331049819	0.694562905445401	0.592023894458772	1.50995637805735	1.36750703766206	1.91939571695707	1.27032112047875	0.0305027968381115	0.909846107830212	2.79584053325578	0.377560728833548	1.02578192756268	1.14874653520818	1.02449499071541	0.297841200885614
Mealworm_MAG_0037	0.0957346347369681	0.169378513020781	0.0268441782585384	0.446528143950802	1.67202258852646	0.389541267802156	0.718339772823522	0.796440346330222	0.246917424816243	0.0742456157233728	0.174840633859849	0.16706113092812	1.08953685426044	0.0102357108027256	0.000112480307920644	0.430130038734542	0.352685706681325	0.692253325627545	0.164520919888079	0.479773691136996	1.25365821205688	0.130801376650736
Mealworm_MAG_0038	0.305825031100913	0.337624823157969	0.00200846988943649	0.00356182979827927	0.0038815152713055	0.00302917550827125	0.0193773736009999	0.0213509200059801	0.00210287442528369	0.0040055542930341	0.00560042930344151	0.00266385189919665	0.00237004837698545	0.00230574217926905	0.0032185146435474	0.00138076656162764	0.00524423152744341	0.00567769898713186	0.00293824156719227	0.00319792952645196	0.00198103377197344	0.000964785606797513
Mealworm_MAG_0039	0.0640002276279756	0.0380080470801843	0.00551711052096727	0.0224635233981216	0.000425808069425231	0.0046515213589642	0.0171620679153669	0.0628029486268674	0.0306735924892489	0.0511038593039968	0.0109528667266158	0.0043113788642008	4.68441097592666e-05	0.00361241715519983	1.43131966504724	0.0257269993118804	0.00149181402844226	0.000512412641954563	0.012923560755281	0.0060610689838912	0.00482263956483013	0.000144750098428937
Mealworm_MAG_0040	0.0696041201767878	0.113219273548422	0.0301549477522611	0.120767506788357	0.0388492765783988	0.0157778276041381	0.0400087341777263	0.153067966295368	0.0354506319816404	0.179092059532167	0.0150976021780192	0.000982694071740863	0.00113521744709376	0.00114417624160967	0.000205430608015296	0.000325632277434915	0.16542291216788	0.01536151762952	0.002454315772776	0.00667612085101922	0.000642453476786167	0.000667033701921571
Mealworm_MAG_0041	0.000950858781008715	0.000190548176317089	0.177696424293145	0.11574005232941	0.00136806087598744	0.0138974356109718	0.00170944917879163	0.00378147693258089	0.0213219544169657	0.0451099899708747	0.279994564396442	0.0110144972555734	7.29378468350178e-07	0.244415914623132	0.0222772910744746	6.32332326367119e-06	0.0271121066292817	0.000310156491504763	0.0540131442251414	0.060924195100886	0.00245195901650802	0.000489926998708504
Mealworm_MAG_0042	0.0413055098037801	0.0447504820302834	0.00428614443035549	0.0130787658745842	0.174522818569634	0.295218240992822	0.0443593255771461	0.0211761587074257	0.0202989073768449	0.105420336133207	1.05007627759603	0.555177430644082	0.00163226841004929	0.000736654759189092	0.000152874448177797	0.00792106755778649	0.138797409764922	0.0162154684531864	0.10937604506275	0.0740451119771384	0.335185757921644	0.469335482100126
Mealworm_MAG_0043	0.448268695288304	0.210048026539267	0.506071245671281	0.247246295750676	0.129501348339216	0.223581794937971	0.261556662721636	0.289731320516835	0.0884620463133998	0.251895799289636	0.0825624253768003	0.0801264104079539	0.2672798624142	0.200693033396624	0.000189359412729409	0.102366290339749	1.15063368851324	0.127223840081558	0.478262217247826	0.282543323288824	0.254122494632332	0.154258864611749
Mealworm_MAG_0044	0.188170647835348	0.394352989962973	0.0147019428131907	0.286956848653651	0.111604636160759	0.19477821026532	0.575706371323576	0.196664833417547	0.332893248195529	0.0293472553314574	0.00131617859075597	0.346405440375434	0.0046979021178705	0.000738187622987913	4.14732211611015e-05	0.00217176274660344	0.00216552218509258	0.0300874198555659	0.0284140610790993	0.11656209586789	0.0210260492050743	0.0127701794751809
Mealworm_MAG_0045	0.585812373169808	0.475751469455832	0.464738436992039	0.256863299949517	0.220824618651389	0.190825702914525	0.347793512392654	0.618292934476573	0.0629716051802893	0.801760256503111	0.222998033783424	0.0962453355744369	0.960343057049509	0.317877996347602	0.0005497995264726	0.00461187622083318	0.395449469180862	0.481201949135159	0.239113932119719	0.166501952841718	0.0627525829422611	0.322719021793307
Mealworm_MAG_0046	1.0330952631658	0.0116272250765369	0	3.41030684868982e-07	0	0	5.27978060940628e-05	2.03014310629758e-06	0	0	3.83689076695458e-07	0	0	0	2.52799681943754e-06	5.88665336076967e-07	2.32062268591708e-06	3.25097607224779e-06	0	3.90677753804904e-07	0	2.9040843972807e-06
Mealworm_MAG_0047	0.00542240427000564	0.00280717712225468	0.046276283183432	0.341519518911224	0.0213378834702087	0.0153623792514839	0.00692057318432787	0.00327218849976471	0.139434534721365	0.295948689387908	0.0804428750951409	0.0247077880492917	0.000954124639191287	0.0187339495789843	7.11270677061037	0.0030204232200073	0.00162936859586484	0.00376126145480624	0.224369191717957	0.293786911822743	0.00924650651352362	0.0178503995036883
Mealworm_MAG_0048	2.00028899037026	0.290620639260209	0.554478215924096	0.344282326402574	1.16677311261028	3.12557141351709	0.612142041272259	1.44355291213365	0.568300278433388	1.24849918480511	1.22821558907241	0.676774389707754	3.60380019599208	9.04223122949572	0.119288619239766	2.59975102927317	0.0662092742714647	0.101329689967237	0.567301039568364	0.102700243483901	0.102748825701344	0.13987360804966
Mealworm_MAG_0049	0.100914454374705	0.579476144571947	0.0145789829542189	0.0600964325727627	0.0696612244197089	0.137513582157266	0.35892528023618	0.187766500314604	0.0283698972472732	0.158661801161441	0.111783806817072	0.107174527706428	0.0173788923386387	0.0341647287557619	0.00151260871600869	0.319744378489345	1.20580878567091	0.620611540826794	0.143794456449717	0.067233324370883	0.100050276476502	0.1098959508066
Mealworm_MAG_0050	1.7661782929778	3.41865518434084	0.00242105880046318	0.752726611553687	0.00113558416314094	0.000534863915988014	4.33137114314927	9.00471148675388	0.532837827936475	0.933226623162858	0.00207458935210047	0.00132302013390657	0.0138856398320906	0.0215030901756224	0.0177306279939305	0.00119014842811178	0.329724367378314	5.93991849291208	0.0658634704302985	1.7044705974103	0.00101202160807387	0.000900314078359056
Mealworm_MAG_0051	3.20158361163194	2.14519214047091	0.502715668213018	0.159276328090749	0.155750808378255	1.44036795846934	0.670941456555418	0.410387129389241	0.168006171878241	0.852327224855265	0.199801632778951	0.292860258883675	3.56504527990981	0.0286703336072998	0.000415888052501938	0.0602425684904311	0.913864001449625	0.459899578352825	0.492921824556401	0.100176194688049	0.123478406193716	1.30923983280742
Mealworm_MAG_0052	0.000473947203210716	0.00071603269404267	3.62281996001573e-06	1.81510248108429e-05	1.38104455455961e-05	0.000311938032359822	1.88738839764133e-05	5.22253180471454e-05	0.000163611704147677	0.856294831658174	5.78608487034982e-05	1.06417187368414e-05	4.06269681553325e-05	5.37829284629851e-07	3.92279419824359	3.65529932062897e-06	8.7488285621908e-06	2.16287529117418e-06	0.0201873207604785	0.0302433675761587	1.50135175120482e-05	0.000116440513271163
Mealworm_MAG_0053	0.000169985328178328	0.000182176903902601	0.00771347096319085	0.184196795911836	0.000447524225185888	0.000490873735185677	9.6949505929391e-05	0.000216828755872999	0.0251261001286244	0.0542785213950452	0.00133313979509544	0.000341946168949131	2.61627873166058e-06	0.766017705017139	0.0539080919433915	5.76991749723008e-05	0.000185105651727077	0.000206024176854824	0.0556726857392719	0.0645546675242468	7.62724841260975e-05	0.000116215506261501