	Control_1a	Control_1b	Control_2a	Control_2b	Control_3a	Control_3b	PB_1a	PB_1b	PB_2a	PB_2b	PB_3a	PB_3b	Standard_1a	Standard_1b	Standard_2a	Standard_2b	Standard_3a	Standard_3b	Styrofoam_1a	Styrofoam_1b	Styrofoam_2a	Styrofoam_2b	Styrofoam_3a	Styrofoam_3b
Superworm_MAG_0001	0.0337077868854295	0.0213474214586164	0.325558501776328	0.247618164084268	0.00990618691736043	0.00571135687453765	0.00936484719838571	0.00499609192795692	0.00976413234645881	0.0673176106180692	0.00571061738849616	0.0087387363767756	0.00670240412421768	0.0093123983304893	0.00265187615968468	0.0167427966479036	5.86630807014033e-05	0.0014735221984423	0.0130262235322934	0.00489556848404958	0.0216196342993283	0.00482265130330808	0.0225800468116282	0.00351400599668464
Superworm_MAG_0002	0.235072787155283	0.0745587977452446	0.300426858244718	0.0803831310928323	0.401402602606047	0.195805410860604	0.17849010857512	0.0373174102631809	0.21935906893891	0.129085150578023	0.14850526804761	0.16277552260841	0.126773333049063	0.0492856278686012	0.0780728777155427	0.481345112310608	0.101007209339571	0.157379309919741	0.0239396373833268	0.0244368728433506	0.0248310172526094	0.365801737340757	0.16790677949854	0.196008606857719
Superworm_MAG_0003	0.030508254263029	0.0878071507979979	0.0109789390473813	0.00340174327562177	0.010039684406639	0.0138893499293476	0.0372818543162981	0.225903029097599	0.0313937125092631	0.168695941062557	0.00232550158724312	0.00499860730293301	0.00780372504796977	0.00368404658670724	0.00259320115239703	0.0017570625225895	0.00057226066936929	0.00228819263198785	0.0702918668400881	0.0514772341159409	0.0118273425587116	0.00470167419800471	0.00157006148222087	0.000951444900119878
Superworm_MAG_0004	0.13746799299596	0.100356711809229	0.250447615017197	0.031064115445061	0.116801202462394	0.300632370432618	0.554606712603719	0.0877420399452519	0.36161627404056	0.141286082194267	0.0424285976047963	0.159118763056979	0.0520384720294953	0.309173434999872	0.863772511344954	0.48787623614101	0.0765245410534933	0.614044107163944	0.147882621022563	0.325122163666291	0.280999938998825	0.409810393900193	0.365659474975075	0.100777933222604
Superworm_MAG_0005	0.00504927608057548	0.00604896341823358	0.617003811090812	7.2282695927817	0.0274649317324579	0.0229058742267261	0.0101092409225588	0.00937697954376697	0.0282146439224784	0.727013299780576	0.0346676689200145	0.0320403477263606	0.00745092390602285	0.022715234995765	0.0258090331184078	1.88068684402024	0.00121024599249013	0.0632323617624751	0.0493416035802546	0.0294859048360562	0.161057358787549	0.0844399476753388	0.127346409521804	0.193702095399902
Superworm_MAG_0006	0.0123700399932457	0.00597031904947647	0.0411372184447825	0.167730661796326	0.403175707856393	0.0536782485174664	0.0156166466779509	0.00962954301914329	0.120323054330623	0.0706575352637789	0.436041950305714	0.185390872410754	0.00976871763462514	0.00655175290241587	0.0631067075880431	0.604621667044789	0.00352591798046151	0.0320917309997419	0.0436560924166983	0.0313526817828517	0.357422328386514	0.509408428732974	0.617110971430864	0.0812487536954146
Superworm_MAG_0007	32.8933489978895	34.8617143618687	9.84739306384485	3.35556315252168	15.4293051161743	27.59653213639	15.1947271158062	37.4128338377839	6.21688639560288	9.77408554939135	13.7193026146109	9.27343960990678	12.2101544766231	13.7754520891846	29.9127327850393	1.47037962291156	26.3359184607775	12.8667458391954	9.8129944565229	17.0137574757856	7.10452309223744	1.04217516982653	4.4557802668584	9.72351211024745
Superworm_MAG_0008	0.0301588287608903	0.029975215499729	0.0151654687918109	0.0205960727650005	0.0185197242083645	0.00774275242946604	0.14563705153358	0.0214972552260704	0.0370573005535996	0.0282859709189457	0.00310229394268761	0.00540559562277836	0.0860142128764432	0.0540686199638021	0.222729104175443	0.0116072379110104	0.00931216234977064	0.0259461010069505	0.233046687557695	0.0482472778647007	0.0372410037158918	0.108099241867825	0.0106455982492728	0.00393136198452849
Superworm_MAG_0009	0.618882147499937	0.413725421730687	0.315850227510976	0.239009189489708	0.80009055763762	0.273842470088292	1.07258149089658	1.13648348769388	0.689454285251576	1.17631789745312	0.282679956366892	0.197097432069857	0.176218860948116	0.637323869904049	0.0695374761265898	0.587470586455495	0.0241041815794496	0.146086225829204	0.204203697496331	0.216912057974339	0.226082318114428	0.325600474712111	0.131004541117431	0.0605633506729871
Superworm_MAG_0010	0.0204541048717517	0.0165353434346661	0.332405783293983	0.196159224555516	0.270832590760013	0.0600505075952115	0.0195628764990574	0.0162525680549362	4.44843980370512	1.92543587904482	0.156622441199529	0.236639430149609	0.0559213959395824	2.66413302684442	0.268520544053367	0.644061718996209	0.0166577699903455	0.263818447453338	0.0919394365373643	0.11852068868223	0.208713748598683	0.267584635752203	0.19381052031983	0.539359594832772
Superworm_MAG_0011	0.0200130119986163	0.00783249193163717	0.00945077916870236	0.000935707355608423	0.000788374589454225	0.00100981631783647	0.012877867237842	0.0523194568123979	0.00447880036163524	0.0215801333315122	0.00134488483680454	0.00863479797234356	5.25143935327576e-05	0.000190713034437618	3.85405751175175e-06	1.28963384222702e-06	0.0003098699004013	0.00028127366229528	0.113801124176632	0.0722700559750967	0.00465591343956631	0.000498934724365565	0.000118603547591537	0.00792620812470388
Superworm_MAG_0012	0.23933283627024	0.115507290841194	0.0512081916203761	0.0592585289136429	0.16179516910556	0.0469434765775941	0.285394276692503	0.126907535959408	0.0412977984097361	0.0536548263491925	0.043648191538603	0.0545008484155052	0.460270688623588	0.13161177730244	0.0996977281425426	0.0384014296422676	0.132704555856199	0.353647385109808	0.0364308842349134	0.273218200660226	0.0133743702070593	0.0836391601211052	0.104318069348629	0.139323294349444
Superworm_MAG_0013	0.000820499447480309	0.000612296044364917	0.0175868180632219	0.000682033944352192	0.000222351617482658	0.000409835989121325	0.00404226925009984	0.00615044410891843	0.000189010964836411	0.00447278030110956	6.87669995388684e-05	0.000325813589352624	2.13699569453759e-05	0.164688532255196	3.78880774500631e-05	3.9442671318355e-06	7.52157424474104e-06	1.63265068763343e-05	0.000191783737556089	0.00013587899778122	0.000593092000881347	0.000683326420815161	8.08834655123126e-05	0.000580026442483301
Superworm_MAG_0014	0.197033129266852	0.676712029033093	0.174369541146468	0.0410560251959726	0.0422507193779187	0.024509407591137	0.469582780686989	0.407570682872657	0.180924304865452	0.542140224553764	0.326088855796407	0.0918867352094987	0.0885621741473895	0.101324251054359	0.960129790592941	0.529550602610332	0.0595273198517249	0.139833005500968	0.206127345558659	0.241040957205991	0.341018085323595	0.149955086691501	0.163787232824729	0.0550458688739849
Superworm_MAG_0015	0.000520817337369652	6.72313605930232e-05	0.000126119217041564	7.34792713866587e-05	0.0120693243053512	0.164971849876284	4.75743918324329e-05	2.77109332327376e-05	3.77024566594922e-05	0.000111156903538605	0.00686646669298922	0.118797944399396	4.55054402635753e-05	0.000192439058421874	2.01075780251708e-05	3.03962698518173e-05	0.000101438020656491	5.67140002756051e-05	0.000186799042094844	7.68344472197756e-05	3.97132122614433e-05	1.88225657758406e-05	8.47385838919494e-06	3.40664620623556e-05
Superworm_MAG_0016	0.130705237435577	0.0651582698056669	0.0711867065635483	0.113319903773039	0.0833250102262193	0.0739769916301483	0.0403483217943318	0.0423991101906276	0.192427138876473	0.0880869237579414	0.101795666070811	0.253525828586769	0.0436976211192345	0.0108190277588614	0.00408300302725158	0.00020037741598773	0.0288980496787711	0.0272776032046387	0.0269281893032389	0.0177934610657429	0.00365679738224477	0.00173452983164815	0.166454394002895	0.0189351743523596
Superworm_MAG_0017	0.359834893062131	0.0522822744268345	0.117490487592794	0.130155466746138	0.0452743349923505	0.0705183250528984	0.0672558268380283	0.130280369338314	0.0360985037385281	0.040304764962249	0.0864699624517036	0.115794985922523	0.099798280849531	0.0307403888331671	0.0624870398530085	0.00720293258873997	0.0249261650541999	0.128192264717039	0.116031433106801	0.0998173079358198	0.032721830081636	0.00522628131934967	0.178843631623622	0.106309611025643
Superworm_MAG_0018	0.233864978057681	0.369935882340119	0.190996609984568	0.062429339514345	0.305850310744865	0.133394355005243	0.163918549142457	0.587939576375656	0.231781276710343	0.533028247857049	0.00811528139777676	0.0328446237312826	0.0320416361009229	0.0685815931076027	0.00025433661470082	3.02596977293433e-05	0.00231870790953121	0.00297683800135935	0.0238328868396181	0.0389942073111328	0.128410757931939	0.0154963218205328	0.020193735210573	0.00273323668911926
Superworm_MAG_0019	0.688175362452615	1.3546033698883	0.457529248329473	0.213884051399696	0.120536210106566	0.0444394776355076	0.20141874738501	1.93167636264034	0.480454412306042	0.57149894402351	0.0192358143194985	0.0569693644234332	0.030371974659746	0.335764264662991	0.00712590421555606	0.00567125543071306	0.0270682758172653	0.0116683055362839	0.273737288662629	0.576552242591036	0.572743453476641	0.0666237853275238	0.059117599918064	0.0225356578128115
Superworm_MAG_0020	0.824085032237454	0.513581679345306	0.157099496283161	0.0940024448374133	0.145796164716862	0.0993633886560488	1.59151841313589	0.88417626184846	0.218383859035575	0.322519077228905	0.0328151161159531	0.0620794320755576	0.176175791488704	0.342307590542636	0.0757303255861814	0.0972167059847432	0.0921561672739144	0.101910385096634	0.512742947599516	0.433167374896709	0.415123953422538	0.092898353416333	0.123527134742805	0.0222712845923468
Superworm_MAG_0021	0.0630811295036813	0.0248155644962779	0.0256519858706753	0.00678166798312665	0.0127640406788958	0.0115396677056457	0.0182213580897279	0.0240857800398967	0.0104053966873707	1.67935637503126	0.00366913258837651	0.00410527547329339	0.00460035931284522	0.00382155953243578	0.0076146793238687	0.00148506472875709	0.00188130651187584	0.0113150021952312	0.00530849501910133	0.00268239292672457	0.00470003750940552	0.0493255113419694	0.0027061614891646	0.00377026900181749
Superworm_MAG_0022	0.0152918486814001	0.017714777451103	0.179205262327741	0.108326663452375	0.0571682522665488	0.0411911806442485	0.0148557686900355	0.020057526558063	0.00947846184155337	0.0322351528739594	0.0463215102422125	0.0412889871907831	0.000678018344640838	0.000509220054392203	0.00515622711332697	0.0195167355715479	0.000127479602194799	0.0183733585808314	0.144577625888753	0.00560656512910806	0.310628127686684	0.258458891114697	0.032694812592457	0.00507075351058497
Superworm_MAG_0023	0.000125745025059532	0.000125258978204813	0.00999478179917688	0.00682002360510325	0.00034820633588671	0.030635321140363	0.000325211268433607	9.90075458778484e-05	0.00498735553410077	0.0026868191643443	0.464149885071395	0.176752835290635	0.000126731501865612	0.000310463598704718	0.000164403765972514	0.000461165606212467	0.00639838134480439	1.43109258360931	0.000328727540747302	0.00021271755594351	0.00165393140883692	0.000899647926236768	0.00244412614574231	0.000921002723115308
Superworm_MAG_0024	0.977729806992008	0.751021691757245	0.236188083807593	0.280512797628442	0.313598722836999	0.221871535973354	0.168984022188965	0.35808672238532	0.0607301742827902	0.146067262034701	0.354684086113904	0.343147664824337	0.15538647304929	0.174718659948263	0.674253768656159	0.00510633137704822	0.345745919704946	0.185880696767293	0.281499645872248	0.739469287816041	0.115743338376152	0.011018288172834	0.245402056928331	0.205880739144691
Superworm_MAG_0025	0.266734027786338	0.077502750054065	1.5243042305667	0.073872315425962	0.0286665292052337	0.126934376608704	0.215808762711389	0.140303939879395	0.0554812302803184	0.0392379180631996	0.0892832889909548	0.260008951457809	0.036400500350152	0.278052448503746	0.0181946345639137	0.87579101267688	0.0144458784359689	0.123838293183568	0.0483489211596349	0.0322855965494845	0.633045119278842	1.19447693734098	0.237580998072131	0.509023856276836
Superworm_MAG_0026	0.0303888019244235	0.00821942237329886	0.325649325498077	0.270541557355637	1.82870068923211	0.203305195829064	0.492956472934418	0.551006613572742	0.766728645975081	0.528734026600434	2.74728314953104	0.620590661688488	0.0112291060969712	0.024544247707131	0.357193788962139	2.56360192919014	0.00423646499116857	0.0283667473246046	2.7651289140203	0.0418460545339843	0.0961224797718648	2.19977122405584	0.0225283336632873	0.0412104365400034
Superworm_MAG_0027	0.138621579737442	0.10023147943574	0.0351598341885335	0.0478104892120134	0.590792634656468	0.0960043000037824	0.0282822795515183	0.0378489655993788	0.00137873934694295	0.0922727669744072	0.0328576028953961	0.0458268904946108	0.00435625980402835	0.278535570747814	0.0308904394499788	0.00100292256698541	0.0139658620729562	0.0592052754429112	0.116213788659804	0.091740924746857	0.110083429184358	0.0760406205558207	0.542524507930542	0.716003403802002
Superworm_MAG_0028	0.00408057434237134	0.201528337966138	0.00213334714903578	0.0773129488586911	0.0304601932192217	0.0542308774803077	0.290402057552934	0.0708099346183044	0.00475053453765893	0.0097950647358493	0.277189778193819	0.00206393652589919	0.000727900291268477	0.200076137989976	0.333598994908573	0.00295182236766463	0.000178925221841216	0.000167804162195627	0.0133765575893851	0.00717204822320297	0.113544705021483	0.00512849893715382	1.04503401493923	0.30166732286598
Superworm_MAG_0029	2.2520793104259e-05	0.000159295712248918	0.0880454106173108	0.808207112829563	5.09840413103314e-06	5.17310532116742e-06	1.4946195866095e-05	9.75049353547372e-06	5.96040379853922e-06	0.0762209397083841	0.000158823910464891	5.64153576822682e-06	0.000261595456886566	4.09743358145518e-05	7.66656339797016e-06	5.86368867849978e-06	0	5.66336619970614e-06	2.49473496953946e-05	9.7825149307897e-06	0.0435060000297894	1.97761862071601	1.10563573036996e-05	2.55763409942359e-06
Superworm_MAG_0030	0.00823933867198809	0.100511203466157	0.000665765829554583	0.000858212513103075	0.00033003709601471	0.000124136706118305	0.29526536214759	0.0535024612115704	0.00355740992701118	0.00211197694717352	3.53478813600535e-05	0.000941106499776559	0.0389231578468654	0.00167829391730351	0.000131861066442451	0.000332605374384117	0.000140497315288721	0.0339633909190544	5.61492833895502e-05	2.20764881301827e-05	0.000768660487227598	0.00514428098483952	4.24975371851068e-05	4.23271773911068e-06
Superworm_MAG_0031	0.158255882369388	0.085188985713994	0.0942508666437769	0.042640361235191	0.0357267973771776	0.0220086841206467	0.493242069827687	0.240301232102827	0.190742446188097	0.228818647825968	0.0134383555276337	0.0144520164619833	0.322108715152323	0.0466229571881372	0.0448907490973157	0.0141973875124175	0.015595424160021	0.0255766981390202	0.401002833732355	0.189021024186323	0.0571597928867321	0.037804129285345	0.0158241267530403	0.0123112584343531
Superworm_MAG_0032	0.227335759069516	0.047090417464775	0.171839871415933	0.142024547675988	0.0680316959651732	0.0367429576409098	0.0620293259348511	0.125956518934262	0.0182043959231788	0.0346259420202088	0.0321688703833765	0.0504709910772474	0.0295689414253217	0.120314944870535	0.11427302603736	0.127681299716206	0.059917878916588	0.0411832256439265	0.116193529755078	0.147850989065751	0.0940769691626217	0.0401351535256038	0.0963394576218549	0.0262307165790354
Superworm_MAG_0033	0.00454021347372641	0.0363570938090992	0.173112965287413	0.196392240724635	0.0198848118860949	0.00615570271392899	4.63861792777373	0.494703391806621	0.265626419638123	0.67250284147389	0.0111244738954884	0.00809279896606856	0.155884853487909	0.0492116690794772	0.138521352647031	0.0108794927850478	0.0498118517715987	0.954631924292173	0.0940939204371018	0.000151398478086518	0.0119363785080305	0.0111532283436294	0.00894704659163176	0.0535463364330583
Superworm_MAG_0034	0.16963148500032	0.0402043989014298	0.099570599808203	0.0336967114511805	0.137507039817106	0.0544975479015581	0.145264349105542	0.135010938468207	0.132333076688564	0.215768948679196	0.0265995047267879	0.0345619798901301	0.260842797737365	0.0752772374399887	0.234500451875006	0.096176243386515	0.0311543562347009	0.0505460608803468	0.0619858676369498	0.0514356352824617	0.0995259578247249	0.137836153458367	0.0197702930273544	0.015812896092588
Superworm_MAG_0035	0.000211106971605909	0.00146599708527748	0.00241345413954969	0.00135976879915179	9.99491429062338e-05	0.000168459233612912	0.00285011916397691	0.000381459087245848	0.00190239329140056	0.00189273328278605	8.68463506189654e-05	5.99065450418805e-05	0.00156603023451739	5.66641556043991e-05	0.201089633614304	0.00522906092586964	7.1608234817098e-05	0.00104531401878027	0.000217580911107644	0	0.000149094080142745	0.00131033052646016	4.54473479031026e-05	9.77727525307063e-05
Superworm_MAG_0036	0.024549862827646	0.0453682504971254	3.87786801286756	0.254833701502447	0.990407126881	0.110410233993823	0.115022051789251	0.0876650787044625	0.376845125276267	0.273653061416495	0.215312407315651	0.312066513272115	0.0821453183083292	0.253871143218938	0.36084505044796	0.956419903805364	0.0215911284809712	0.365795603414831	0.115914465789226	0.152380554869393	0.321556982148834	0.49635640719687	0.314939577757194	0.667438467286321
Superworm_MAG_0037	0.772665198950326	0.648299765032225	1.18467543538697	0.928841492578904	0.395377626947338	0.546246353486235	0.302168290647231	0.372627987286602	0.945520802530061	0.59574974312951	0.696470034071728	0.721108900232437	1.11977227573884	0.468714289839087	0.961755790735343	0.562872170290609	0.471317598064766	0.651763518602636	1.44469404695245	2.38695771528554	0.485606770425509	0.558303999960356	1.17702086711559	0.627454987201981
Superworm_MAG_0038	0.0630844495961711	0.0909182566868289	0.0436408040686851	0.0194305568519156	0.0800324144749989	0.0476640575301629	0.0617067168135917	0.0701158749393776	0.0085440252749942	0.0123375209764142	0.0530767296447302	0.0576124196326056	0.000377375493062954	0.000179885751501698	0.00125793008155844	0.00548264246695672	4.72660415774232e-05	0.150537615935394	0.0134241855713523	0.00422869989942337	0.0219278415391167	0.00204318949708244	0.053290088248217	0.0012094581874805
Superworm_MAG_0039	0.909819079244661	1.06710288756515	0.978379793463224	0.859378326573836	1.02971927101246	0.418334669141907	1.14182686151525	1.02840132090027	0.135563783688274	0.277490738489138	1.10487878649483	0.409861490063407	0.03946527761743	0.0247339615925172	0.211600666584435	1.40503538895998	0.0138455735377615	0.533964983218918	1.14526208963378	0.112291663110847	2.21041771006508	0.290711123400642	1.80193135619271	0.435761035152957
Superworm_MAG_0040	0.281059627520403	0.167372725560973	0.146959441372457	0.0928628567117948	0.100623868904198	0.0545079935579017	0.602664777414245	0.361100826017559	0.105199837627116	0.185430682362041	0.0406422081437937	0.0373176404693911	0.200856910784126	0.729109895457784	0.0655887721970596	0.175066489030105	0.0199158034770647	0.0650442870470432	0.668423373266213	2.22693983861454	0.232038704221734	0.0520492162717942	0.0854291946081369	0.0314386650284567
Superworm_MAG_0041	0.0731913268563585	0.0771708286363672	0.0623801735804609	0.0215062268741923	0.0361603373965784	0.0539977976734518	0.189935780827753	0.0970584634166958	0.00284461727169262	0.00515701221490429	0.0402917967381133	0.0162745775003889	0.000934422575346934	0.00049068572689693	0.00178061804873368	0.0029165102385386	0.000150093577157028	0.0200544747305394	0.177291806412147	0.00643880535192108	0.00492027206704449	0.00707211085508824	0.0203931991515298	0.00101531390174613
Superworm_MAG_0042	0.0130225673920125	0.0548313503737397	0.0198328658674989	0.0334284808595175	0.0264023935872397	0.017503519999274	0.53969615685895	0.0076955745844302	0.013675399535882	0.0126202336596859	0.0125255092582651	0.0205778736622885	0.00603808059625983	0.0275359966729013	0.0109469189273497	0.0181960295862446	0.00815779697634368	0.0190942718621191	0.0396497269113047	0.0313181494225812	0.0406457080229999	0.0266341441837865	0.242243604508233	0.0380993980804678
Superworm_MAG_0043	0.00468214482051458	0.0811306440634364	0.0187793075107273	0.0612756303759068	0.0272764915857531	0.0549947178986059	0.0352164017838824	0.137317414086502	0.0301685801388003	0.188371513528101	0.00756140672097	0.0483727710452276	0.00335572504891117	0.0106395857113335	0.00345637767874815	0.00907001424057905	0.00111723073687816	0.00379666733550299	0.0063771266329056	0.0124752883913126	0.0838180918132059	0.130362401137737	0.0086997941711374	0.00706080509035731
Superworm_MAG_0044	1.58104297538224e-05	2.05024383661129e-05	0.000817388020633943	0.000495477895163051	2.39535646346912e-06	0	8.48810864916678e-05	2.40302797009856e-05	1.47351499778778e-05	7.48390474409786e-06	2.30433870033608e-05	1.14856436541767e-06	0.111021145185221	0.0463999210476127	0.000123752410353345	3.22324012207594e-05	0.0015849827318829	7.33732897431884e-05	2.23478158103211e-05	3.25902979863828e-05	2.55225134753888e-06	4.96771533301461e-06	0	1.73570194775666e-06
Superworm_MAG_0045	0.10589028045821	0.00721169587395732	0.158489381257327	0.0646248230311138	0.0721276451148168	0.0151565951827367	0.00295442703976822	0.0019100728873857	0.00262208952219418	0.0119167127894977	0.0235938299015128	0.0216907012831117	0.00211107275341942	0.00219844767041987	0.00116199511064933	0.00136514152776633	0.000129115749514533	0.0138571266183248	0.0251526775506019	0.00787504241024754	0.00302542660409924	0.000848910410011882	0.00235383981700964	0.00829410816407586
Superworm_MAG_0046	0.157764264524136	0.0954614765179634	0.0801309216799228	0.0500967535235906	0.0791493155180579	0.0607164674159948	0.230778452293409	0.183502432915233	0.0809205526084701	0.0862896361599379	0.0430716518603174	0.0286546649768182	0.112337614370931	0.114321648491602	0.0380877583126591	0.0966637739012329	0.0100327103354633	0.0442651936185046	1.48104632716714	0.105993874810087	0.131069182690392	0.0570187369804684	0.0957018795828332	0.0267134753282656
Superworm_MAG_0047	0.60573689383126	0.259286776856326	0.099936124362749	0.645202918692547	0.209749880566757	0.172763748719971	0.126762874534412	0.104722799871914	0.119264703320088	0.243380438126981	0.037688624537545	0.0438473965412321	0.123093461273043	0.402315316598051	0.388476345020494	0.306547330320181	0.0148940867055444	0.213735698633637	0.664631895201319	0.481743048080792	0.197154070442872	0.120118456911388	0.909214859468501	0.129004556595796
Superworm_MAG_0048	1.35770428665558e-05	4.93508710144728e-05	0.246858938422363	0.00330340882808737	2.28554173778435e-06	4.18713608113022e-06	0.00315286894585603	0.354003367620136	4.96221862403051e-06	0.000198157376321214	0.000126070429979985	1.89044236907176e-05	4.43367931921839e-05	0	1.75522839801332e-05	0	0	0	2.08386637585514e-05	2.07308007334687e-05	4.07903336756166e-05	5.58639467012707e-05	5.19623317838718e-07	0
Superworm_MAG_0049	3.07441657350201	1.09572793288473	0.480286102045618	0.264087245277999	0.409824446208951	0.179992039766872	2.75417829861835	2.4063800282649	0.580510324538122	1.08086872235519	0.138097577113415	0.14037719962065	8.27813294404683	1.63767641394388	0.872478952759367	0.207878576142236	0.186959042942008	0.337692516874174	0.882629406351364	0.428236482091033	0.696498806677604	0.528687821271951	0.141033052785812	0.0860131242788497
Superworm_MAG_0050	0.0899371047480591	0.0641815051581319	0.0616445981866	0.0662839001099683	0.0518700862919399	0.0388667104133316	0.0910208895475673	0.0353033869031934	0.207906384348936	0.0445265820399841	0.121926043131677	0.109476337113509	0.0409271304456404	0.117776635657909	0.0886532558658381	0.0303279389738511	0.00974000169355205	0.0785306036419134	0.0737528066548951	0.0906017628827276	0.0149735890703646	0.0473181125928782	0.100418710713887	0.0237777540501591
Superworm_MAG_0051	0.202191203516113	0.341488911774358	0.198358351965419	2.68691377434404	0.432951224290481	0.561814881114317	0.139692668142587	0.198237871310664	0.150284037075054	0.544243274063391	0.349271169735738	0.661037196832783	0.399032562880053	0.755377025414462	1.51440042862257	2.23437288407627	0.0609190319056698	1.01904084792623	0.743459903224934	0.711556866869328	0.99499231626367	2.68987953872663	0.67384284168971	0.325444555162323
Superworm_MAG_0052	0.831395109849554	1.12105800756501	2.44658687125744	0.358841825172748	0.564970097154417	0.227695576933542	2.20843725764822e-06	6.48326104428399e-06	0.0382507143662013	0.0564404660355557	0.036723584796025	0.256318810338702	0.00190954644547288	3.87899720029984e-05	1.45510224453592	0.00616002797374165	0.000338069515157629	0.00034183860021916	0.0467604946676924	0.0271440892750287	0.000370127671981016	1.41898128810704e-05	0.025710534552894	0.0012816948254492
Superworm_MAG_0053	0.0663960187101945	0.088849077174784	1.76809638344675	2.83209383920448	0.214246918399066	2.50791617446971	0.047302536915762	0.0678438951026898	2.1093139895175	0.503960157495409	0.354928507074527	8.36820701012996	0.314779367912157	0.0741934724602711	0.271000323888861	3.73267426567262	0.0168136281307371	0.70399636416865	0.0567782159089787	0.0149104643283103	2.14087195533706	1.95163102010197	4.02204263437395	1.15831072535871
Superworm_MAG_0054	0.17171802878849	0.0426222844697807	1.74094923556645e-05	1.73193264866669e-05	0.114850863371365	0.0204882378768394	4.42111091176232e-05	0.00419961143142346	9.93922212477873e-05	0.00937986970105514	0.0886022386704706	0.083229939982079	2.81119618170707e-06	5.03505979067493e-06	1.05220695250386e-06	2.81669215539811e-06	0.0287866085539186	0.00660232096149663	4.47393492403295e-06	1.70878060343594e-06	6.02190541435205e-06	6.36286554170593e-06	0.258915835913417	0.000237527354852657
Superworm_MAG_0055	0.196319831072021	1.54551188565432	0.0298285450098175	0.0305036577346759	0.0397465768984376	0.0117170736879071	1.42162881371877	0.266450428442074	0.613791987417244	0.371434199484161	0.0106989331885983	0.0119326814059762	1.33115541753126	0.0339719013713389	0.0228733175969597	0.117243280565167	0.0922869412083182	0.171513017033443	0.090036846337504	0.0250749864373251	0.0418872011067057	0.0697012725925631	0.00244109021268822	0.00165572596254883
Superworm_MAG_0056	0.00436650085338175	0.0500820546705314	0.0619056651141735	0.0293004270609843	3.44226502701432e-06	4.48445518217293e-06	0.00162293448318412	0.00034232608196507	7.88882165772672e-06	0.00277712877304758	3.88118206414972e-05	1.100368708276e-06	1.94049479095793e-05	3.25253816508974e-06	5.34052049054518e-06	0	1.17438069568741e-06	5.0210303828985e-06	0.00762165858877883	0.000194274921703443	4.48278355622434e-06	7.81878723556036e-06	4.97390285461829e-05	0.17359271790066
Superworm_MAG_0057	0.00833791791579586	0.0146111262087633	0.0300180750682544	0.282623953649401	0.0106460893455646	0.0114204622693866	0.00545992328604734	0.0041720550798958	2.44812678295215	0.738171966550891	0.0143639328684986	0.0149679188023299	0.00748543300258908	0.0109613437192824	0.0401588266389196	0.43257175852783	0.00542181227703274	0.0223254670469657	0.221955112843837	0.0266518579714832	0.0584362972928397	0.738310396941019	0.030318572471793	0.0312202357347575
Superworm_MAG_0058	0.114511435242806	0.357414760368462	0.553027857306192	0.970172225725711	1.15527423012575	1.47470217913955	1.49055476078326	0.309300539514767	1.28627428721249	1.07544458253248	1.72579445440384	1.91464454973915	0.0591643234733573	0.152830499055938	0.263702560089561	1.33090379027214	0.0178088638457843	1.11180224401127	1.99274644934681	0.371253265036178	1.810326565599	2.01450440251875	1.42308644847682	4.12469361759633
Superworm_MAG_0059	0.137732835740565	0.0639565938120656	0.380393760008232	1.00934783827541	0.811225531781237	0.521895527734281	0.108072774076052	0.114402766774036	0.392721099954521	1.60269124708625	0.660973145812137	0.518542951890114	0.387739260534536	0.151762081934676	0.435497758841794	0.584981450790074	1.39384031315577	0.255628425488741	0.319824285637941	0.109845316240302	1.42572299576466	0.848439220039286	1.29892606896604	0.887946528229859
Superworm_MAG_0060	0.008740670846438	0.00887307677569691	0.284074596504895	0.0543635218734427	0.0160348642246973	0.041764355153195	0.0220505493047282	0.0118704193130714	0.000932280074332209	0.00538627564730214	0.0447839363987768	0.0179000743100641	0.000118521000442917	5.8583726791959e-05	0.0136025147589837	0.0226261027704693	2.72184029111396e-05	0.216786115908086	0.0175937526127131	0.000596604267754157	0.000653604320486901	0.0232080721144882	0.0303685775941258	0.00330442012475597
Superworm_MAG_0061	0.0154594386105376	0.00942788485375399	0.0117454991297947	0.00522355202730053	0.00758454044467999	0.00283643302404562	0.0154987384655817	0.00791559890499247	0.0126977095201286	0.0192624842290722	0.00599604548992024	0.00237568719061561	0.582731886068564	0.0826548022984629	0.0537934849730835	0.028695688686118	0.00227072638648665	0.00781783647468554	0.0325492527722378	0.0222688525463734	0.010490746144689	0.025362490106846	0.0104710511325909	0.011628818638779
Superworm_MAG_0062	0.287636178867695	0.0308483638844178	0.0467421981487108	0.0318306005461692	0.0391078189149516	0.0224814781913565	0.0715953948368721	0.040409084299235	0.0139874007766749	0.026054267256224	0.00755390204394366	0.0194107476828655	0.444492000448459	0.129128866803982	0.114161884440701	0.0227180029535253	0.0473968558188949	0.0425994268519558	0.0741145343451488	0.0356225286092891	0.0174484513864663	0.0058948653780191	0.0526073808162563	0.0182946380431621
Superworm_MAG_0063	1.0078591853385	0.840607991730465	0.32658248196997	0.210751676137173	0.946720607823711	0.351691675254646	2.43059111959441	2.09823606875643	0.524861035939727	0.692997223492632	0.242238041255276	0.209824514207686	0.156850762788162	0.211231494702483	0.0460273462269548	0.229136917005648	0.0267851269434661	0.117408172451315	0.441872747723512	0.250506340158763	0.371390590940743	0.295718862673123	0.217463604552914	0.0630240847076027
Superworm_MAG_0064	0.0323401931238181	0.256893634527839	0.000218332840148714	0.000307125103577601	0.00023173180617415	8.9885712334885e-05	0.0069054274062021	0.00654652961269623	6.37871226463382e-05	0.000115887277560218	0.000308730659359901	0.000236140376563448	0.00032031153011706	0.00054028510746516	8.30716989527416e-05	0.000109267086438631	3.15734055087277e-05	5.78533601094935e-05	0.000356954738349054	0.00654471147557387	8.17816490554601e-05	0.000524544005632975	0.000358022679883119	0.000139308614326999
Superworm_MAG_0065	0.752499843428528	0.315278257862756	0.791258956379938	0.281617915712038	0.333084919437147	0.286414518012059	0.336437436322045	0.104587751608783	0.260988756012526	0.259151449940763	0.0822748652783252	0.231261648268109	0.0846587054324784	0.130056187527714	0.300290062895122	0.0887615265292459	0.210747222053558	0.102465411558521	0.182098943032624	0.733477992389073	0.0839661487766268	0.0847661925346081	0.190994709941448	0.2853099165239
Superworm_MAG_0066	0.08055435042402	0.0199897324538226	0.130799642748104	0.00649272664850482	0.0382789863987876	0.198840544369576	0.00538327012384401	0.0160492727044697	0.0266002170780186	0.143255529770675	0.00921534098191704	0.265514997499928	4.68947188522519e-05	0.00361569416308979	0.000127340191096883	0.000101112889008469	1.60822950536235e-05	0.011812457539522	0.00208215745032417	0.0138150816040482	0.0181394756323422	0.0499706101256883	3.92264943776998e-05	0.11445469920875
Superworm_MAG_0067	0.0572921314998701	0.0584930430248802	0.208464377540341	0.161408362729354	0.0511183775056966	0.0306274009334177	0.0814844149699079	0.0709531964847917	0.0780715888890023	0.0782465276681021	0.0233327030419359	0.054949938292663	0.055185655508887	0.0257082352256646	0.0485341882803348	0.0834182823928351	0.00804135391172928	0.110761291438795	0.195231698424837	0.0758389996601505	0.423015001839485	0.307313313603481	0.271489653168226	0.0412088061286152
Superworm_MAG_0068	0.978972289023054	0.314160569008178	0.0700003235072337	0.000762497750459366	0.0363872210062038	0.330383272618106	0.141524888909003	0.546013553956358	0.00748795203448236	0.128749932341399	0.00213962767753694	0.0708000596024628	0.000831425117216782	0.137166316990425	3.39025870749397e-05	0	8.90170796439141e-06	0.0392197918235364	0.0937164627062993	0.381353385252606	0.153473288475799	0.187068818023511	0.00352432453077246	0.551896647342477
Superworm_MAG_0069	0.000186322784934953	0.00019488729568682	0.381160901795258	0.444177583009415	0.000514760502595214	0.000454284794495297	0.000177634948170012	0.000118902049480485	3.23039256044268	0.406636028190364	0.00140203846919123	0.0016255994622025	0.00172417173396456	0.00397067860521164	0.00944506344639631	0.534718898362418	7.71870836970127e-05	0.000750850995830635	0.000448330087648177	0.000380723193354641	0.322537959426913	3.88623632770659	0.00069799740798191	0.000416116916918481
Superworm_MAG_0070	0.00233983913531041	0.00200918453263578	0.00547793028870622	0.00236346721102137	0.00144818146134685	0.00073589772815198	0.000736094960141359	0.00153598407800435	0.125275402570146	0.0035424332712688	0.000544490901215942	0.000559807741654543	0.00076066085048282	0.00050130512844573	0.00122627828341713	5.51756113954166e-05	0.000531076457595734	0.0344558943530337	0.00073064119047771	0.00144542312992582	0.000773305683309841	0.192229902747168	0.029540236381142	0.000356542159593158
Superworm_MAG_0071	0.196311757858966	0.0792467930414557	0.473116491509993	0.140044502133972	0.275328944845925	0.19087215534648	0.116655098779227	0.0637711363896201	0.204577605066444	0.105807413022147	0.0579610304277443	0.158099342389263	0.0593818188431349	0.575220283296841	0.178981733149479	0.0593252602856203	0.181047848925961	0.216904187152111	0.0757118545936965	0.213565848063545	0.0334724838149753	0.0694243313650338	0.144660864162815	0.234869891471619
Superworm_MAG_0072	0.0185279045307916	0.00414032749015587	0.107102758612992	0.00316446360176412	0.0103540318296456	0.00115971508581451	0.000210807742369734	0.0279761620302591	0.053266587194169	0.469011463568299	0.000259570766039355	0.000779036708717118	0.00148633101974884	0.10553809299889	1.57381755528718	0.00504788629128148	0.000137350220634403	0.129942973954173	0.000250844386234679	0.0134121121748595	0.0211940169958428	0.00489379237158682	0.000731846354059598	0.00115131214598153
Superworm_MAG_0073	0.06057288804156	0.0353059205645116	0.0853896646397253	0.0638815314123281	0.0364137998462996	0.0261366465930629	0.0371607960054614	0.0485319517880765	0.0259237388642931	0.0620230336609411	0.0169104743725564	0.0192197330961336	0.0720345598015311	0.0158821268245521	0.073729383918465	0.0792580860804383	0.03431926507769	0.0265873493892776	0.0564942297158788	0.0815582461930062	0.0408229782818921	0.0284216471211474	0.124295052767926	0.0222585375542952
Superworm_MAG_0074	0.313215028696902	0.258690891643222	0.109453526488877	0.0970377187916789	0.0693001273051587	0.0383484692503555	2.07551229979736	0.937749481778455	0.271778516399777	0.54246680113895	0.0409334678504973	0.0521576729628783	5.75342828367493	1.05268395951681	0.17327214370355	0.16605258903906	0.225852951279916	0.518415155121696	1.64834860949082	0.260908678991689	0.523877260294486	0.24531509861298	0.192568104883321	0.122697117505105
Superworm_MAG_0075	0.885990731872522	0.750515717484201	0.241409483798667	0.0995774541977678	0.00903344250236402	0.00714273556470917	0.280416844169374	0.152478904323498	0.185297541404556	0.310590860197508	0.0844735954779167	0.0472103144702197	0.0278662294214143	0.292635480048198	0.0375730351359927	0.0698942022284065	0.000262029324321075	0.00362710578014154	0.212644016052516	0.0711731170885503	0.0650537987289357	0.00614956464869321	0.00260278812488974	0.00249184384245722
Superworm_MAG_0076	0.0223406054762847	0.0214863979676434	0.104632797084854	0.0664178838699478	0.0495133900184455	0.0253165276406399	0.0169741583418629	0.0215986565048377	0.00639891432070112	0.0177153607917928	0.0297840282355738	0.0213277247130962	0.00764257297296736	0.0192969864852779	0.00370917709960481	0.0133507671741442	0.00151582554545486	0.0149882781630902	0.298508680882247	0.00558772426165265	0.117192555017598	0.00981664309882832	0.024282568452195	0.028811771902271
Superworm_MAG_0077	0.000421486549133773	0.0632318438232145	0.0138985150472664	0.000721795727911393	0.0299183842725799	0.0214059430019155	0.032898447786065	0.150065596689339	0.00110761891267581	0.0085942316639578	0.000285617232970543	0.000452669808837993	0.0001449715573875	2.8751927898858e-05	5.30376812087842e-06	3.53854239851529e-05	2.69145887987844e-06	1.57265802946899e-05	0.000779385428141499	0.000342544388938588	0.000259021612026077	0.0761053734671259	5.28776235091059e-05	1.90549096583187e-05
Superworm_MAG_0078	0.162837782126149	0.0220387104604288	0.00628359943611867	0.000383000456459418	0.000274019429188261	0.000361444626602157	0.00797318572741137	0.0443510974831225	0.00287713523736373	0.0095727440506851	0.000646123785428197	0.012565098883528	1.77635255667668e-05	0.000106962158847779	1.25447874869518e-06	0	0.000251722189018122	0.000720042681424442	0.00966937212468853	0.00578380762798879	0.00189252435532617	0.000158907486602049	1.02129450976617e-05	2.92953729158513e-06
Superworm_MAG_0079	0.589857121614395	0.150582451260234	0.101738728556822	0.00447116997206701	0.00581129614807131	0.02803210763424	0.00589238231059583	0.0182040942267306	0.00414811114173728	0.0232868683821875	0.00224491509778684	0.0743033235700702	0.000191637623858853	0.0285070652767354	4.08835355944169e-05	1.73374520287602e-05	8.90127852781279e-07	0.0100177853073857	0.00961279884048839	0.0269109001048383	0.0530539928897472	0.0178010284559036	9.75453277544806e-06	0.0171332917401889
Superworm_MAG_0080	0.812334574547526	0.706610815558296	0.504358718171856	0.391722924100536	0.340089056783099	0.226328456419808	0.562990946365646	0.678597824788889	0.213806431877963	0.295520281224862	0.130814101875379	0.243181107262264	0.884633988676478	0.509952449112362	0.0159346997658926	0.13650022303841	0.0107018796693234	0.127213146078719	0.262618313203967	0.197660326429912	0.388091319266422	0.138489878501933	0.423325233013175	0.0751507173561489
Superworm_MAG_0081	0.000789841079553344	0.000334308211541574	0.292962651328986	0.0379984095645599	6.39173098845759e-05	0.0001577730320091	0.0169331693059786	0.0361489694528634	0.0170028324708675	0.310337248919557	0.000177620495347017	0.000106461850112288	0.000242031779398371	0.000118518310382127	0.000458320561932212	8.04757196804967e-05	1.32805623623478e-05	9.65271163992536e-05	0.000154482149483806	0.000207055789120365	0.000152081569785589	0.000175129968000056	6.94901802165476e-05	0.000180211375081011
Superworm_MAG_0082	0.0186063965176049	0.0117285725987719	0.0159462934889859	0.0717584257966184	0.0596173008432649	0.0381715122747583	0.01721928237167	0.0190056876027862	0.0115296335656825	0.0167914764696052	0.180508781920844	0.0494887574206884	0.00234294998893104	0.00152905128668516	0.0212517477464792	0.0406550468941564	0.000688019149658028	0.0106006293203298	0.0736937364460208	0.00412400405012476	0.0238480905019152	0.078906537836515	0.00859500858504238	0.00582587486404541
Superworm_MAG_0083	0.0122069366119459	0.0121787417000262	0.0418967217238859	0.0662079644070209	0.173179034279378	0.0319243340243077	0.0119982360099518	0.00537102341136731	0.0134234785545924	0.0152162728194729	0.266261533830006	0.192211425406667	1.86973686293292	5.27478709601125	0.136370878700913	0.286597665278914	0.00209556433675835	0.0506190662482952	0.169493609405941	0.173820282909904	0.130242563634527	0.0939661463355671	0.129108948676855	0.058027166353026
Superworm_MAG_0084	0.0634995630332806	0.0971462941323879	0.177001661614483	0.0472794001274164	0.613443664746626	0.457411088594837	0.0230575232539603	0.0238255025743333	0.0197116289068023	0.0218280938874609	0.250142609827892	0.547602724250284	0.00695353069455174	0.0049046569679444	0.00582759104457733	0.0128298498422368	0.00187698331509732	0.143631728360006	0.0578604361714501	0.0127829484574366	0.0348128106138787	0.0108254196961614	0.0253947786051659	0.0153554093569984
Superworm_MAG_0085	0.0107433676209177	0.00599534162522059	0.0361942607221533	0.0543628442972454	1.54622362209896	0.169208949802416	0.0387112572382627	0.0105275063415699	0.0137651139112306	0.0159783333284032	2.37291898288701	1.36707622737797	0.197590853841135	0.548815987430575	1.22082427333707	2.48191759058657	0.00962772072215969	0.260874006810584	0.112304878222646	0.0338977862277821	0.192400849695744	0.27447401728306	0.689591879201981	0.132144252985486
Superworm_MAG_0086	0.804275367651878	1.0278873412466	0.314210727636608	0.560210232450613	0.50933838740892	0.0555539940537226	6.10808065693032	2.55845455200689	0.575405769626141	1.81320931813738	0.25239278744552	0.135045362726975	10.9183062821943	1.41591570983886	0.537104247035598	0.320268076010762	0.513262634092609	0.420448720035091	3.07786503641332	8.66942015788769	0.721301034947076	0.226411985000158	0.118647389401801	0.366087711664103
Superworm_MAG_0087	0.306445165294378	0.20239941243258	1.04216828962733	0.841264914403818	1.58845217093619	0.481132740177944	0.198046275469314	0.16684511994495	0.423746320729151	0.318484037675953	2.61298337827937	1.03512574743518	0.286749838650554	0.395727015715384	0.847098376646607	1.1067386297888	0.152482969056475	0.454010776627705	0.685424042567202	0.705792623277569	0.596326159278994	0.654041785498361	2.27114199692104	1.01354059785195
Superworm_MAG_0088	0	0	0.0705767925955705	0.0109943085309338	0	0	0.0586481695922742	0.13556706436652	0.00425899387848863	0.0806579518362443	3.5915033965955e-05	0	1.81789994854036e-05	6.1666533047332e-07	5.67020478464393e-06	0	3.11719571691058e-06	6.66373964657499e-07	4.30525830087595e-07	1.15104922211983e-06	5.40854262111947e-07	4.51166381299962e-07	4.61621930369889e-07	5.51725712931119e-07
Superworm_MAG_0089	0.104913148103506	1.04465468550055	0.0220468723389545	0.0619664354584555	0.129480991771128	0.322483545055102	0.0125559436024879	0.00761952787027258	0.215468508408356	0.0664325100772336	0.0294538088935267	0.0118740208791328	0.14284127358055	0.0602396821021928	0.0173945593770916	0.154494457461984	0.0013449216009021	0.102990061673724	0.0955129613367265	0.353932061583049	0.086388786273485	0.0838030852808917	0.345779487494514	0.357753349155197
Superworm_MAG_0090	0.215152955431457	0.141953411874543	0.296008243750593	0.334386122939564	0.0578906788743703	0.139402204887159	0.551390264739495	0.672877793001874	1.19760436805632	1.23088526220229	0.0393401212411272	0.792448780033368	0.795849572184152	0.572591140426173	0.180370561714994	0.40427579118399	0.064511310386013	0.161089447046699	0.520460490433457	0.288355692530951	0.317639611375149	0.117216749705965	0.813763209713743	0.330105592905564
Superworm_MAG_0091	0.675368275847544	0.161695825140081	0.222494927443165	0.120161935247449	0.0753419894886729	0.0296946948459877	0.168930735476152	0.0823835438679182	0.117304766365608	0.399892943495693	0.127177241527152	0.0255815292102162	0.305671992898129	0.235358491453071	0.131401396606111	0.21124149700541	0.00396437386586199	0.0649037482792842	0.654527591195977	0.300887037346909	0.270846540058169	0.0771019213768762	0.0268332824857829	0.0593511908576111
Superworm_MAG_0092	0.435941063472996	0.0972978730973892	0.358776661292271	0.442218871452937	0.740184936034639	0.280146036693372	0.221255010415721	0.218728187094422	0.376174663251575	0.611640544686736	0.809807016339728	0.376601707350302	0.583817397560531	0.200735250008792	0.403817640841672	0.610476893027264	0.284142898894021	0.27441191302117	0.348492392885043	0.21070966353184	1.48368310776145	0.773240858012097	0.338998067231271	0.477252207695578
Superworm_MAG_0093	0.922199268202141	0.470152541024385	3.77785108986257	1.54097707701793	8.26244317627356	16.326070620305	0.182467006017179	2.87091665058601	1.09117020350801	2.6647046583218	6.77242190536033	7.27191444607324	0.589095489495637	0.187213669234677	7.04768688141378	2.9815248779259	25.4150981364311	6.66488960961282	0.604485388219735	1.48912154812044	1.61510481898027	0.469597458668603	8.49635885329123	19.7619961370184
Superworm_MAG_0094	6.15507847046902e-05	7.04267701825137e-05	0.13528707649193	0.0301626739193758	0.0238259911114962	0.00937003759522945	4.58443765624357e-05	3.58891561155467e-05	0.000282853463698966	0.00317154864136847	0.00276276622078581	0.0025934223587921	3.61524340296252e-05	1.22172975321399e-05	0.000965080377349051	0.000451763731718712	1.6842953834609e-05	6.60105943335871e-05	8.06427788828645e-05	8.29252557754753e-06	6.33179062950683e-05	0.000263278062715088	0.000306793201617182	0.0001560112116061
Superworm_MAG_0095	0.399587109654388	0.240974508860797	0.353030706867571	0.324166297327356	0.233766697239298	0.149651974420423	0.722777160997923	0.83287116980254	0.271908018272747	0.440243369278608	0.401220493382854	0.175677625062589	0.227806824147459	0.39086771277957	0.0358276498738278	0.396278242017258	0.1469356792807	0.412956509303769	0.416936297724074	0.462664519463335	0.160187230166227	0.180838131475418	0.124854135055108	0.0956775916077086
Superworm_MAG_0096	9.20248163275356e-06	6.38153554867236e-06	0.310285159657531	0.271772984872895	1.09350620418556e-06	4.80795519779787e-06	3.78352418232102e-05	1.3593364091144e-05	0.0635702162093922	0.189587512462762	0.000150158179556266	2.35949440256697e-06	0.000251697089312274	2.78973603554701e-05	0.0702239634903465	4.49607911216893e-06	8.39398847894214e-06	1.57908311931092e-05	3.06060608656011e-05	2.47963741429621e-06	0.0141073991296223	0.00383908838970468	6.96111418578374e-06	0.00963973595356325
Superworm_MAG_0097	0.038803064432362	0.0261753897400944	0.0864539059165022	0.0380849035159927	0.0841726655267264	0.0559904251358614	0.0301720892141355	0.0377064801378939	0.0412604639587785	0.0819190889596911	0.120993319567779	0.0426733534387847	0.0013615515754316	0.000501611764279892	0.0110890651949688	0.0397446363741724	0.00121346992925483	0.0025611676898965	0.00589463341906096	0.00246780254030851	0.0317711032711394	0.12282781357056	0.0085545896968881	0.00726956702788787
Superworm_MAG_0098	2.16822412976792	2.39530335570391	0.837310297520938	0.192970056845181	0.664984000940581	0.349890193688617	0.256741292721736	0.332313607832636	0.0697999530180806	0.115988497268446	0.0301544030579553	0.0266400230068924	0.00781424164114902	0.00741946960571207	0.030572971162988	0.292218274236305	0.0034953012252304	0.0234848590981197	0.0192195694510546	0.00719967953490419	0.0676032003209144	0.172207166552967	0.0159133856714516	0.00604972321140592
Superworm_MAG_0099	0.406709222550391	0.321945323067858	0.391640247550484	0.397346522166398	0.517251318094953	0.33221832593554	0.10371002656662	0.285276863167268	1.34470213744705	0.281041036936835	0.512189195951598	1.53402917576863	0.198254067253798	0.203423671516609	0.218530608744103	1.12233599710903	0.135315499547173	0.171836965718145	0.219049622915787	0.629729772249795	0.0758715363844916	0.258135522731566	1.20690639652408	0.190629276697732
Superworm_MAG_0100	0.375615705581836	0.0793594882009823	0.100669704330664	0.0662848942947306	0.0294211863242961	0.0186627297852486	0.0298650204718686	0.0794028442001108	0.0328791866614518	0.0669763617057568	0.00315179024896537	0.025208515191297	0.442599123045412	0.0324201252200474	0.099510549411639	0.034395987040951	0.0104327170830038	0.00681711774550816	0.196360894565297	0.165170246198973	0.0218535107810762	0.017575271792473	0.0608942382030168	0.0254024397641575
